459
109
1077
1073
96
1405
1866
63
121
1350
233
1912
357
1724
958
180
1695
397
773
1175
1316
1436
538
267
1393
161
490
1622
1270
488
637
288
400
1178
329
859
1868
1917
1220
1992
976
379
729
1956
740
481
1909
1336
1712
591
358
349
18
1986
1335
1526
892
784
671
1650
1860
408
850
1083
1043
1658
931
1397
1310
1780
952
253
1953
1291
1026
1942
1676
863
1902
1874
78
925
1366
885
107
757
552
1099
1309
1619
1548
826
526
832
585
605
1728
1339
67
476
378
1096
601
1579
504
1279
1162
1502
75
689
255
1837
1125
1805
1206
1399
414
759
1278
1059
348
1074
1337
1487
555
1341
617
667
721
1769
1383
139
1053
1176
1258
545
209
1201
1751
473
1272
1627
125
1533
430
1307
1465
188
385
1359
1631
1440
1963
1442
677
384
1221
841
996
478
181
848
947
1437
262
983
392
572
851
436
814
371
79
726
1891
1649
2000
441
968
197
1296
1434
535
455
170
1556
1500
74
787
1892
1247
179
33
142
419
1330
97
411
118
1425
1152
7
354
900
1314
1193
483
1774
1514
792
530
1741
1506
1195
1578
1140
185
1718
1512
261
1511
694
581
1738
1184
1012
494
777
190
1623
1977
423
1862
280
930
960
1544
1998
1530
791
77
1476
447
110
218
319
1070
9
1108
463
795
1555
1652
1861
1764
563
882
700
920
1761
1301
201
281
1435
486
1925
1980
324
122
1407
1482
1616
767
742
1559
1347
1469
199
940
1461
1968
1349
101
534
1851
1252
1561
1804
1323
843
220
1678
1873
643
1858
1010
214
1421
510
1524
1700
913
306
95
616
171
1532
501
1156
1496
1665
1456
547
1789
405
318
105
217
350
707
326
1346
1430
1884
1929
10
831
631
1606
946
541
847
754
415
1671
804
1939
818
334
1580
327
1084
816
704
798
313
252
1118
1261
489
1424
1127
390
1360
1470
1197
495
966
1177
1708
879
810
113
1554
614
1736
922
1926
1378
775
834
82
1273
464
426
1227
283
365
1572
1039
1204
99
1692
1938
1241
783
1509
119
638
1921
797
1816
268
66
705
85
1014
1941
1155
603
341
613
1534
1292
1182
1716
311
1576
551
1783
1250
402
58
967
229
673
409
1004
527
908
477
235
1164
1655
1638
1352
1287
1370
370
1520
1962
1880
663
173
194
1589
323
1713
1563
193
961
1593
1984
1706
260
307
1058
1071
819
903
1812
973
355
200
1846
1919
1871
337
228
498
1666
1473
176
1832
1212
1103
1937
654
1013
449
1474
438
1049
1394
381
136
239
17
745
1173
1493
607
1815
1475
1093
1608
368
54
1234
932
1024
1899
1946
657
178
955
921
1915
562
644
1997
432
849
1965
1447
646
1896
764
1935
1993
1283
1628
1282
128
1940
1413
52
1154
1801
1560
718
785
1975
1539
929
444
266
606
1214
762
1381
1729
246
568
1907
182
223
362
609
213
1194
909
1218
648
1113
937
1274
957
912
466
896
1537
950
1402
1742
240
421
366
1853
1019
670
1854
234
1121
1329
1037
84
1119
467
1183
1361
124
442
1431
1265
450
153
1483
1604
927
1468
679
1233
1046
624
1379
1908
1082
1267
289
573
998
1033
1167
328
942
404
363
1782
1719
1839
72
1743
1363
548
191
664
984
1415
238
965
91
1404
1340
919
296
251
1930
263
687
682
951
130
778
801
1971
1647
1189
781
1165
1122
1830
750
786
115
482
1300
1595
1645
1158
116
1196
1338
1521
1625
1388
1100
1199
597
1916
1747
1132
1594
221
376
1889
1317
1765
1368
388
117
286
1208
1371
56
299
1640
619
158
611
1075
712
895
830
1590
1128
878
577
278
1389
21
656
1683
1444
461
1023
1079
222
1410
872
1497
1253
1260
1911
860
620
1443
1799
1262
1390
48
1188
519
772
763
575
1777
610
1709
1620
1575
1348
38
815
1632
716
1387
1290
1480
805
642
623
1365
132
305
1954
1304
1779
1722
1017
1029
554
741
1518
198
380
655
1505
1513
697
398
1494
822
275
1920
1723
1843
291
649
1003
910
1845
27
1959
1478
650
1179
420
738
549
1933
1192
1680
1675
1827
387
1673
247
1396
207
1457
1068
500
669
396
360
1974
1426
1726
102
1657
167
250
1654
227
934
1373
566
1612
1961
284
1028
883
1422
1581
59
1490
471
706
898
70
888
1211
1914
717
1705
686
779
1357
971
1403
1796
1240
1428
346
1246
1104
331
8
1583
1707
15
1297
1472
944
1811
599
1345
1445
595
1326
53
245
166
55
502
196
279
1525
1633
1702
855
800
1904
1285
711
22
871
1060
874
1150
340
1462
225
0
457
1135
1754
243
514
641
907
485
1875
1064
975
1781
647
1689
1133
544
1610
147
1141
980
114
428
714
1808
333
1802
567
49
1755
1646
1829
503
1793
282
1698
1225
29
584
259
1989
793
1865
1400
1574
1090
1770
506
602
1418
1553
1166
576
1235
1414
154
1417
1391
1810
1382
583
1523
1906
537
1163
1957
1244
528
1334
1910
1123
1063
1089
244
1384
719
1293
1355
1536
943
1423
290
807
1362
1679
1433
145
1223
1409
833
1016
743
586
633
292
651
92
734
768
36
6
1756
273
187
683
1686
1913
1280
1569
897
1951
1185
746
1286
1685
824
1007
374
1238
876
755
578
1275
751
1427
1784
1757
165
799
758
1759
1094
160
906
1398
1704
1844
1732
383
1820
1332
1894
1983
120
1542
881
13
1715
1441
1947
587
1603
304
887
325
1319
1249
1294
295
1753
1690
1848
531
986
1005
963
1248
953
1136
660
842
574
747
1200
560
297
1818
1670
203
195
1446
34
46
635
727
1439
1411
1696
1744
189
271
698
413
11
1664
1320
1936
1950
184
732
1659
302
1955
1806
1924
1928
1890
1257
724
774
954
440
1976
1298
1607
1198
990
1072
1052
1036
1931
320
1551
336
1516
257
81
1318
699
1879
1922
375
1458
1098
728
550
681
736
938
169
592
314
1803
935
1157
1857
1041
1169
1116
1599
446
1055
1120
164
825
1737
1057
264
886
424
565
1460
588
803
956
1661
1477
1015
1969
821
904
28
230
539
468
141
696
639
138
868
517
540
1085
674
1856
30
1550
226
516
1091
675
1044
1324
941
443
343
1205
309
512
1964
1051
1600
285
533
123
1232
1641
1588
564
1733
622
627
1002
1834
661
1688
1932
451
782
344
557
258
991
1958
994
1504
1021
520
1886
453
522
1720
756
1066
90
693
1097
1343
828
1749
65
629
332
1281
701
1114
802
394
1776
1577
274
752
901
270
923
680
1009
321
399
1386
1949
1710
1047
1327
163
753
1031
1062
1634
1106
1596
445
231
997
1629
1823
823
678
1541
303
1266
1966
766
1611
518
1637
1170
1694
1662
40
1149
144
131
1571
1479
1549
1945
1491
1677
212
891
1821
25
1562
723
1863
429
1251
1669
1565
156
1027
653
1485
342
1219
1432
497
594
1996
416
630
1243
83
1124
315
50
1786
1824
143
1727
676
162
621
1448
559
866
1429
1510
600
1711
1209
628
1269
1543
1618
1838
69
1699
709
287
35
1067
1369
1668
1025
553
1471
1566
992
1772
47
529
1054
265
827
133
1601
1088
715
1160
1847
1775
809
1651
790
1159
1927
1864
1419
487
652
106
690
192
1416
1107
1138
1467
1354
1289
470
1855
771
1342
513
1785
1797
569
1018
890
788
1881
884
1464
1161
1701
1420
1903
1760
293
688
367
1584
1817
484
80
1643
1143
770
899
835
93
1008
256
1034
722
806
434
1752
1681
1377
808
625
521
71
1529
1112
596
970
1148
769
1901
20
1454
838
475
1081
1557
276
205
665
431
1869
571
1086
911
1020
300
1850
1255
1531
811
206
272
1498
985
64
760
1271
780
813
1187
893
1763
479
32
684
1517
1995
598
1648
347
1972
982
854
926
1042
640
456
914
636
1750
708
1682
373
1762
1168
407
269
543
454
1887
1302
1771
1515
1721
448
395
37
1484
493
1453
615
1305
1878
1045
236
1129
1987
582
208
418
532
60
845
839
1171
1653
1663
1242
1351
492
852
172
472
789
1859
836
1210
873
1245
948
1923
730
1872
1731
1900
608
460
353
1885
427
1791
433
294
317
1492
1408
177
98
361
1767
1605
1277
1507
703
1109
1056
1374
1061
1734
401
1202
3
1898
31
1978
1489
1836
435
1567
1322
1613
1358
685
1364
1766
505
1693
204
1268
1131
1308
902
386
1264
87
1069
974
155
202
1284
861
508
794
1000
1180
393
1828
1190
981
1508
964
1412
1519
462
853
1172
1102
1635
692
1288
776
1725
94
211
134
1994
1375
972
668
148
316
86
168
924
1792
556
1
979
1730
733
1842
1463
1313
73
817
1660
1406
1353
1684
469
1835
1276
1547
593
1991
1087
5
351
1882
1895
1215
659
1254
1256
1306
224
237
1703
1216
1237
739
12
1597
1455
1078
474
765
241
1137
19
737
359
939
301
993
580
524
1126
1139
103
1735
1111
412
159
1001
127
1960
111
857
1450
604
1592
310
1570
26
645
1065
1822
1528
1800
962
1174
1499
1809
1224
100
995
254
864
1602
1999
1970
507
988
1586
749
1466
1630
1035
108
1948
1905
579
1376
905
1546
511
417
1452
844
969
1230
987
1328
308
499
1333
372
1794
43
999
1203
796
1788
175
870
928
152
1481
369
1573
612
149
867
1105
210
634
42
1717
1367
1503
1934
1587
1656
104
1591
710
44
695
1614
215
1746
1988
1687
877
875
335
1617
918
1331
2
1522
39
725
452
88
702
186
4
1356
41
68
1564
1101
1674
339
1981
713
1639
1813
496
1833
989
391
1642
546
1259
146
1501
480
1372
51
1151
45
589
1142
1011
1787
1401
820
422
1795
1841
382
1740
1621
1626
129
1299
1325
558
1207
377
894
1117
1449
1745
949
1979
523
1236
856
731
1773
1535
112
1985
917
23
1495
1819
1691
1038
1798
1217
1092
126
298
658
437
1147
1739
62
515
1826
936
1849
1558
1790
1295
570
1825
1990
632
57
249
465
183
150
1748
1876
748
1451
1624
1229
672
322
1311
1263
1952
403
561
1040
1893
1486
1191
135
1080
458
1076
1344
410
14
1598
1585
1032
216
1144
1870
862
509
1146
812
1552
1385
1315
1814
846
865
1303
1888
1883
491
915
1582
425
174
1115
889
1540
1778
1022
744
151
1545
338
837
720
1095
356
933
542
345
1636
945
352
1110
1395
1048
157
219
1672
1222
959
618
1226
277
1312
1918
1831
691
439
1392
1488
1867
1982
1697
626
232
525
840
1944
735
1967
1438
1321
16
536
24
61
869
330
1852
829
1006
1239
1609
858
1380
137
1568
140
1897
364
1050
1145
1459
1943
1527
1768
1134
1758
312
1181
1130
590
977
1877
880
761
1228
406
666
1030
1213
1538
76
242
1231
978
1973
1807
389
89
1714
1667
1615
248
916
662
1840
1153
1186