1300
1642
2237
476
1035
2885
1612
677
872
949
2372
1145
1242
1334
2863
2883
2468
1273
306
1633
2274
672
1537
1950
405
2537
188
496
2031
49
924
1873
2784
367
2035
1011
2939
2150
1217
2194
1815
2047
2491
1395
1703
463
1453
758
32
1001
118
316
590
139
1643
1701
1213
1085
2147
1071
78
753
1446
2967
259
2532
1560
177
668
2473
2420
2761
1675
2138
759
409
1759
813
1484
2938
2586
1583
2986
693
2485
2279
550
1706
56
2724
2164
2121
1330
1544
1079
1345
581
2266
265
91
198
244
1433
236
730
1596
116
1910
1648
900
2285
24
887
1099
458
1072
2824
1857
2331
399
2402
659
1008
262
847
2493
2862
940
2454
345
255
1968
389
2389
569
1188
2750
2238
1491
2633
1153
790
2189
1249
1481
2957
2245
2136
2768
1141
2188
1859
1417
2834
150
2371
2752
1202
2574
666
2942
1958
284
1421
1844
1825
664
2796
1551
750
2728
2648
2469
1771
538
2775
1216
2566
2268
2893
738
2240
159
1440
2415
825
795
490
1527
2193
2061
161
2395
212
1532
2340
1309
1287
1448
2120
699
2628
2050
228
1827
549
688
2561
1090
1894
199
2094
1243
760
53
785
1823
2322
1553
697
2476
1779
1086
706
1227
86
869
1340
2653
2433
1850
2900
90
2708
826
1226
422
2694
51
44
2440
2270
1367
1900
1650
911
322
1474
1573
2204
162
2825
1728
2781
1397
2370
1673
1374
733
2915
1710
124
1839
2037
144
2702
1981
2109
398
647
2508
861
2271
2011
2582
18
2257
572
941
334
1908
2487
13
1671
1136
17
84
1232
1600
1479
2933
2045
740
1691
1034
2769
876
371
302
520
83
2211
2452
660
2543
1120
637
2282
2877
2157
111
599
1772
936
894
320
751
2695
418
591
400
229
241
307
2382
655
2790
175
2172
2531
2800
1661
2131
856
2330
2265
80
1947
141
2247
1033
2126
57
769
820
170
2935
513
2838
1195
368
1754
1742
2635
2810
1193
1122
2672
42
2241
2088
77
2300
2413
2721
2312
2416
2381
2965
1836
568
1852
1326
834
1459
1769
2108
115
2324
2733
1129
586
1988
2226
2618
1737
1517
2746
1097
2276
234
1327
614
1006
2292
2697
393
1503
1486
112
378
1040
906
638
1547
853
2950
596
225
2638
246
453
1465
2351
1036
1314
1115
2836
1629
1250
2077
2148
2313
2542
772
384
1761
1740
794
1849
1732
22
2572
402
505
2604
421
272
1183
242
1406
108
1219
1492
885
597
883
2774
882
1027
1485
309
2858
2954
459
2887
2015
1651
254
1939
1938
2086
2062
1007
2002
1877
2751
1822
168
477
1225
1261
2569
2137
1292
649
875
735
2778
891
2809
1799
593
1004
211
10
1063
564
2203
2977
799
1359
2236
392
2383
1055
574
258
2096
2678
1096
1653
1337
1483
1147
2665
852
2118
2220
1419
2471
1143
632
2541
1413
1437
2910
2625
1888
385
2585
280
1209
606
1319
1914
2483
1283
2843
317
2154
2446
1376
1313
946
2777
1278
2605
1533
2619
928
573
1270
533
2297
2070
1738
1700
1698
114
1223
722
98
472
2701
2349
2408
1255
560
2591
974
1764
2495
1924
2791
482
26
313
2183
1995
344
2040
2079
945
589
501
531
2475
2926
347
41
2958
1426
2811
1932
275
2850
1303
2780
1777
35
561
741
1087
1444
1114
103
1693
1666
604
2609
2914
401
2660
958
917
687
1279
2326
2352
2103
5
1425
382
33
155
2492
2005
978
29
135
2224
993
904
2171
1294
2828
691
208
436
373
1100
2854
1858
2022
329
798
2216
2506
2754
264
343
1577
860
2767
1150
2334
2550
844
2640
2335
1842
1674
274
2978
1322
1519
362
2690
766
2360
2206
1019
2428
2430
2891
1259
2998
156
1851
1245
469
546
1061
2453
2277
2516
2444
1996
1733
271
567
388
2113
770
2953
1358
2592
1538
1272
1645
1496
2745
288
810
2715
1364
1757
295
1571
692
823
1281
495
1636
2797
1774
412
2229
387
2027
6
143
1382
2976
2996
684
2262
2159
961
619
726
1627
1672
836
1998
1897
2829
2461
2438
372
903
2362
478
2515
1843
2989
1628
1678
2930
2404
1763
20
2208
2251
1927
424
1980
213
1282
1882
2217
148
1955
1372
1390
277
2913
2158
2666
2289
2603
182
2699
717
1403
1719
497
1030
2234
703
1664
879
986
608
2722
1068
2412
2500
1542
1233
2505
360
2167
2972
1637
2512
2355
1820
2643
1449
2709
2578
2947
1157
1831
363
2093
1987
653
1029
75
2612
2776
636
1378
369
200
471
1780
1814
1713
428
1607
1884
2931
2765
1241
2436
1386
1722
1018
2928
2669
2397
1952
2141
2881
2641
1631
1889
2725
990
1606
1128
1752
1862
34
1186
1750
2286
267
2134
712
248
1126
2168
1869
822
2036
2717
1687
526
2190
1618
2472
366
1804
588
951
2043
2427
2316
1776
85
657
1576
2831
640
1575
1117
1893
1108
96
2575
807
1436
487
1369
1432
1920
1020
99
2867
2181
1262
2180
1478
2080
2964
2876
965
1708
682
219
1783
2161
2242
2443
2545
1015
2583
2895
1401
1266
237
1929
1905
1616
2130
1853
2499
827
1104
2929
957
1504
1498
301
1353
1263
2101
975
1168
1047
1543
2087
607
1778
2149
2632
2365
30
592
781
2477
2441
2056
1488
2904
779
2348
1569
2803
253
1613
2734
2100
16
600
2223
1200
542
1065
1088
2177
1185
351
1964
690
702
1383
620
2017
21
536
641
1918
2219
2707
873
628
1578
871
23
1562
1768
2526
2363
2339
2484
1429
123
2497
1726
1388
11
2747
1788
390
1441
2215
2816
1582
736
2111
88
191
1237
2293
710
120
1716
370
395
160
2805
645
1667
2269
1516
1450
2842
473
2373
1253
829
2758
1396
165
2098
742
311
1343
185
819
2110
1452
2199
1951
1663
2557
1626
1418
2710
2380
2624
1460
913
609
1697
1240
1546
2639
1986
1032
2357
964
1923
130
319
1041
2458
1509
1197
2623
489
434
2095
1121
2600
2379
1221
817
1699
1833
999
364
1336
1817
173
1926
2738
2732
1590
1342
2450
650
2589
1410
907
122
52
1655
1260
797
2513
350
31
2845
525
2038
2145
783
2023
232
216
670
2873
81
1192
285
2943
1271
1332
2152
1074
71
1744
2125
312
2608
1456
2802
1325
2466
1171
1760
889
1045
2332
348
1162
2686
1402
2006
731
2795
218
1159
1082
551
2868
2611
1635
2082
989
2192
2368
2896
1012
2437
2626
1286
1876
1925
1366
2922
1978
2844
355
1355
2358
1078
927
544
475
466
498
447
937
1451
2658
1431
1184
511
1044
1257
2903
2743
934
2478
502
540
633
442
548
297
2261
585
734
1190
669
2594
2200
1689
1014
1373
142
1961
2170
748
541
2789
851
956
1275
1989
1081
808
2906
2042
128
2065
1902
2173
2918
1818
433
3000
201
2479
1668
82
713
2577
1438
1269
2442
61
1847
500
2212
1420
2657
2679
2909
1904
2067
2564
2243
2961
2521
2325
652
1979
2821
1720
283
1507
479
1354
2692
1784
639
2202
181
2757
1469
464
2693
1320
2663
342
634
926
613
1861
2030
814
1490
2936
2962
789
1138
1811
1189
1534
1714
2981
801
1067
28
292
566
324
1570
1025
1457
37
2944
1526
1156
2353
2393
840
1180
970
2488
658
1654
2576
1887
1501
1649
842
2419
230
1267
806
1681
2075
1855
1634
299
2102
1405
2299
2971
1069
147
1285
1404
2099
1615
336
270
2814
1880
137
848
2597
66
631
1808
1264
1954
1611
1091
1381
1789
2807
1679
2788
651
2391
709
1864
1076
164
857
375
2010
1867
1907
1525
1548
1103
337
2880
1751
3
841
1933
2298
1380
780
46
331
1080
1608
1584
1362
777
1782
445
1198
1280
1528
749
1860
179
2048
1735
432
203
1208
2259
2613
708
2162
1298
89
2459
321
1442
2884
8
2941
944
1630
2990
209
460
1730
1898
2409
2074
291
2993
397
2949
1430
2201
2661
1427
125
2794
1158
721
854
888
1447
2359
2815
2249
1230
462
1073
2344
2207
1997
1228
1723
1458
2486
527
443
2460
2925
340
517
523
923
2584
747
1443
1711
2503
305
1318
1411
802
812
2025
2924
1167
1391
1077
423
2302
117
2210
838
868
1871
2254
2435
67
849
145
1669
2107
1717
1886
2668
2534
2321
2222
1149
2741
784
499
830
1639
1787
2092
2429
2376
984
129
2209
2772
406
968
577
2448
1557
1304
132
816
72
1885
2255
2864
642
1539
2123
1603
110
1999
1384
2178
2273
2132
2952
870
396
215
2664
515
2934
1801
1856
1455
1371
981
2252
2662
1016
2064
377
2305
1791
598
1471
1552
134
1017
2175
1694
2590
2091
64
39
506
1959
1565
2823
562
1931
376
2840
1166
68
2681
732
1903
893
1127
864
922
2317
1220
2525
1274
1042
2163
157
761
50
1813
2314
952
2820
2770
2771
622
727
1105
2630
2762
2406
2055
2859
901
602
2714
2143
2294
743
1875
2041
2422
1307
1915
558
1324
565
962
1131
1083
2016
1333
415
831
25
862
2786
711
1039
2494
2712
172
2221
2386
811
1511
1231
183
2652
2787
2367
522
2283
2128
1559
938
595
714
1461
2364
507
2841
2763
2004
2898
1277
1773
1912
1625
663
1622
2677
510
552
195
233
1116
289
2260
1113
2907
2579
2570
2377
782
493
2303
578
1346
2614
1112
621
1579
2598
383
955
131
1000
318
2405
273
4
1125
982
1124
2727
953
1407
346
528
1435
1775
1123
2051
1747
2480
1301
679
821
1093
1196
1179
1921
2588
643
1690
1070
2046
2565
2307
1846
674
486
2945
1731
2528
2295
2853
2917
452
539
683
304
2785
2730
2066
2871
1022
976
1967
1792
1969
992
1523
2000
2748
1247
919
1599
648
1234
1758
2889
530
1748
2026
2539
979
603
2119
330
2839
828
2388
2923
2060
1258
837
1762
764
874
2631
1178
2529
461
1518
667
2029
1800
2039
1972
2667
1239
2783
543
2024
1770
308
2185
635
1139
694
2610
416
2304
1392
1508
2184
892
2139
2558
2601
1513
1659
1409
2872
2028
300
563
261
426
2547
276
2940
2124
2992
328
2049
1210
286
2287
629
106
1556
1895
256
1058
1830
2104
2560
1163
2052
2894
2482
2659
899
2018
2230
153
1916
698
1824
2920
1812
2400
2607
2801
2426
70
630
2013
2085
1284
2345
2439
2290
1985
2886
437
1211
2033
1585
38
2847
1098
752
2445
686
1563
92
2068
2536
2540
1960
240
2563
2244
281
1487
2687
1641
2675
1660
2650
2861
1522
1296
1119
149
2731
1586
1109
1154
757
74
2394
804
206
1974
1316
2308
615
2069
468
1338
767
1554
728
2398
2347
226
1356
1398
2948
266
2571
1863
1802
408
583
909
2256
14
2502
2573
610
356
457
2144
202
1658
2288
1347
2538
557
2320
1169
140
1206
2114
381
1878
656
805
2764
1173
480
1589
2856
696
2455
1991
2812
152
2375
1561
1623
1060
2084
446
450
357
1567
1037
94
104
1597
1305
2916
2227
2342
1529
1794
863
1052
584
1695
2272
2760
2117
616
441
1473
19
1922
1834
1132
58
2151
1295
971
2740
2407
2995
1048
55
1472
2698
1393
109
429
2963
1229
2792
2418
2421
2235
2851
2912
1702
580
2081
2749
439
2530
931
210
221
890
661
2501
1899
2716
905
333
1993
1152
180
2044
335
1520
2354
2973
1765
1361
1375
2327
1222
2329
2225
1550
1718
2911
2615
1118
1414
792
1187
925
2187
2233
2921
2366
224
1574
121
2507
897
290
95
1246
2115
0
2112
352
1619
1994
2504
1038
310
1948
2020
2865
54
1721
935
1941
391
776
1790
2253
2905
1644
1182
2688
207
2280
1688
2054
338
1605
2870
2411
268
2946
1536
2869
2637
1682
1400
948
2649
1662
1755
2555
878
2671
260
1621
189
413
553
2378
359
1609
1865
1348
488
1638
2425
2338
1512
1495
521
547
972
1191
2311
1809
2813
2341
1224
2278
2336
662
910
247
2463
612
1165
2670
1003
1043
673
2423
190
1161
410
136
36
2239
294
707
2490
850
2417
249
2291
1075
293
1493
40
9
1
1854
2306
1946
1203
2956
2798
701
151
2651
2704
1928
534
491
407
2766
1148
2960
575
763
846
2281
2979
1515
967
2122
374
1906
1797
1194
1146
1236
2852
998
1919
2228
1502
705
1002
2744
545
1350
2779
1704
2642
2835
2213
1329
1302
960
419
287
332
2846
2090
1870
456
1806
1387
1026
1028
991
1351
1467
983
1023
1683
985
2218
1321
791
514
2356
571
2830
2318
2691
509
2875
1591
2606
467
1151
2684
773
1212
1424
2155
7
2719
1975
796
2991
2467
483
43
1739
1175
323
865
725
845
1957
1201
1095
1252
1315
2857
716
833
2384
1971
2617
1084
1254
918
969
263
1819
354
2587
303
455
1297
1984
644
2481
417
166
2879
2535
671
2072
1810
1377
1368
2955
113
1896
2182
2514
1482
915
724
1299
1620
1306
1480
2
2474
2511
685
470
1160
1524
1684
1164
611
787
1962
1913
2818
877
2127
1838
1218
296
2205
1379
2897
1892
2878
988
704
1142
484
1604
1344
942
2622
1935
1251
2176
204
1468
379
2706
2153
222
2465
2980
2129
2489
1140
2703
1617
2901
2644
2680
2063
2982
1796
2554
1614
126
2756
2231
1845
2621
243
1992
916
1828
1866
250
448
2951
902
169
1540
1956
60
587
2987
756
2892
102
939
618
680
1872
729
1566
2755
1394
1238
2985
1840
1064
2984
171
138
1909
1256
1595
2021
2826
2414
1535
481
2019
1692
1837
1013
980
556
2937
2819
778
625
2969
223
1581
1647
1657
2179
755
1094
524
245
205
2806
930
2328
1983
800
2135
1781
700
1805
1848
2932
47
654
2855
2616
1174
2078
1339
2264
1031
2726
430
2974
508
987
2580
1341
1835
349
2656
2071
1389
411
2737
2517
1214
1050
474
2999
933
1588
1111
2882
2683
880
2705
2432
386
1883
1715
1248
765
2723
2988
358
2385
217
881
1204
2456
2968
1514
1646
214
2822
954
973
2562
2214
314
101
2309
1826
959
1505
1587
1475
1652
431
803
174
2919
485
339
1477
2997
1276
2866
63
746
921
1756
1521
403
2323
2599
2462
1944
1470
815
1729
626
1911
1293
163
1370
2073
2735
87
2568
1953
1745
1696
1062
1137
1308
2403
867
2983
1816
1423
97
1476
1155
689
1439
1624
76
1422
2793
2434
2682
278
886
2837
1832
2718
2498
1215
1506
1949
2975
570
1749
1707
2012
1092
1497
269
529
2647
449
187
676
107
2655
754
2076
2509
2410
994
251
414
1434
1592
1531
2003
1317
1235
1331
315
1901
1399
2160
977
1568
2105
2519
2431
504
2106
932
1510
1181
1580
503
59
1244
1291
1940
601
1009
2927
27
2685
1466
2696
2799
2191
105
624
2246
2186
2424
235
1500
1170
2860
1656
1558
950
2399
559
365
465
2595
2544
2522
2634
896
2645
1311
62
1464
1415
535
380
1290
2496
2646
2097
859
2729
1312
1089
512
1725
451
920
1767
929
2156
2559
440
2711
2053
1289
832
2401
93
739
2315
1176
1053
908
1990
720
1057
898
723
1973
2888
895
167
353
1288
995
1130
855
2196
793
1328
554
1265
2001
1144
279
2232
2636
843
1134
1530
2966
1807
257
2994
2520
196
2083
2782
2720
193
197
2518
2827
239
2343
2457
1268
158
1841
326
2133
2510
1930
2908
2890
2567
2387
1640
1891
516
1734
745
2596
2523
494
1676
1793
1821
176
1753
582
1066
1686
1310
1463
2533
1352
2700
1670
1454
2032
2451
2689
2174
1680
678
866
2593
744
675
1785
192
2009
1445
1135
184
427
2301
65
2552
579
1727
788
996
1059
576
12
718
2146
1056
1133
227
2014
394
2165
1786
1207
2057
1054
1462
100
186
1594
2374
1766
454
1408
2804
966
2169
1965
2267
1199
2899
997
404
1879
2849
2464
2449
2142
2629
1937
771
1982
884
2059
2089
1598
15
2553
48
2627
594
2581
492
914
2296
2874
1943
69
361
1890
1602
1798
1363
178
1803
627
2250
2546
2527
695
2337
2620
1936
1555
1323
1601
2602
79
858
2674
835
1868
2166
2197
73
2736
1545
238
1709
2258
438
1970
327
2008
119
1736
1610
2198
2116
252
537
518
1489
1172
2833
1724
45
425
912
1705
2773
1046
1572
1743
1107
762
1741
1106
555
2195
2034
2551
2673
719
2808
646
519
623
298
1917
325
1677
444
768
1632
2390
1051
1934
2713
341
2548
220
231
2396
2759
2549
2275
1385
605
1665
1564
2447
154
2753
1942
2817
2248
420
2350
2470
839
1541
1010
2742
1795
2739
133
1746
943
2284
1416
435
2263
1102
2333
1945
1177
1360
1349
737
1357
1593
809
2361
665
786
1685
2902
1966
715
2007
1549
2140
1963
1024
1712
1110
775
282
1335
2058
2832
194
818
617
2676
1365
1412
1049
2346
824
1874
2970
2319
1021
146
1428
1494
1881
2654
2556
127
1976
2392
2369
1101
1977
2524
1005
963
1205
2959
2848
1499
1829
947
2310
681
532