910
109
229
941
606
433
509
717
182
992
966
403
364
247
771
734
779
112
413
379
901
582
558
630
520
207
732
228
693
354
154
854
211
837
485
78
200
697
178
916
862
258
546
601
37
765
563
818
289
3
664
931
390
69
939
252
343
203
470
759
642
927
884
262
836
491
370
860
222
427
894
398
432
699
657
550
968
240
224
458
279
137
922
399
529
639
401
973
345
313
492
753
155
281
421
212
7
261
853
51
663
227
782
625
920
436
655
507
386
31
863
518
926
310
511
272
198
573
698
29
66
446
705
315
957
217
92
675
276
24
614
19
758
552
885
819
584
568
784
494
585
361
534
777
214
834
980
544
420
571
63
658
385
887
684
9
381
50
474
384
327
342
189
157
703
99
991
133
298
300
540
648
145
888
323
180
226
75
479
142
314
825
2
945
38
52
870
798
188
508
844
320
196
902
434
377
774
660
435
589
711
480
615
27
148
556
374
150
709
404
8
220
733
852
907
153
463
483
352
85
909
126
48
579
307
954
41
360
577
814
294
325
768
650
633
408
166
731
245
555
578
946
431
833
47
419
722
626
303
500
96
668
750
797
715
305
257
322
418
913
755
647
799
373
560
752
139
990
349
793
936
291
46
960
473
815
308
88
769
644
430
387
600
972
944
613
695
766
514
538
654
835
448
233
747
869
249
146
517
271
549
173
162
889
981
363
459
938
164
859
372
44
28
424
45
87
839
74
33
720
710
221
260
593
54
895
740
469
223
899
482
667
389
125
786
637
17
688
213
635
168
18
965
181
42
121
264
380
321
172
691
464
429
602
454
800
808
572
135
293
967
504
423
115
787
923
522
449
259
127
984
796
365
690
548
439
685
543
849
919
861
864
871
177
872
79
334
570
565
32
490
134
397
530
997
25
824
893
501
158
762
11
72
438
160
382
597
595
356
665
883
730
105
444
850
149
718
405
12
206
246
816
0
631
286
669
618
775
596
165
935
280
201
89
94
368
624
290
253
900
329
971
59
132
416
918
995
475
610
532
440
311
986
587
942
561
455
56
116
875
287
826
811
30
83
195
802
179
451
932
400
144
521
780
187
760
821
840
700
355
940
53
122
896
175
239
881
71
813
489
554
143
378
481
605
21
393
832
467
865
820
278
111
445
694
395
590
120
866
963
974
190
904
704
841
77
622
273
886
465
856
917
369
62
678
394
712
661
845
951
999
285
194
911
129
486
989
402
681
73
877
609
953
5
254
770
202
426
411
673
934
829
701
234
672
628
499
645
581
506
943
304
503
497
218
118
746
598
714
745
817
985
124
569
519
961
333
634
97
574
114
1000
312
608
741
636
375
159
976
583
130
983
49
100
749
724
823
16
686
736
978
22
113
292
36
890
855
219
535
216
803
994
603
414
706
723
95
810
524
123
242
353
1
119
457
70
523
339
466
977
531
409
653
689
40
528
208
559
812
719
236
256
192
513
851
86
987
687
204
422
564
979
106
696
949
23
846
169
383
588
897
55
477
183
450
680
594
728
170
265
452
959
391
729
792
326
788
371
64
407
336
441
302
428
892
805
478
510
964
376
232
341
858
367
921
970
335
65
738
107
76
586
283
266
344
930
80
248
443
306
566
141
250
735
462
993
318
515
874
406
366
274
110
737
461
671
82
131
828
955
34
708
437
104
903
6
185
620
541
950
425
332
324
161
801
873
453
60
848
576
562
831
346
952
91
225
547
969
764
683
268
727
933
350
776
128
199
778
244
14
263
396
15
348
988
288
879
316
906
57
539
412
743
781
929
68
956
806
102
275
567
163
772
947
67
621
84
674
415
659
460
607
557
702
791
388
138
739
542
525
362
914
996
744
857
748
785
301
270
666
152
340
898
638
536
255
495
652
925
235
632
456
10
358
962
646
580
331
359
795
338
537
742
90
790
843
677
882
191
447
174
328
575
197
928
502
140
241
81
726
330
167
267
26
880
908
526
243
468
269
319
295
237
282
789
61
43
656
101
599
484
616
716
230
347
842
822
912
472
58
807
682
505
924
251
156
604
804
975
612
757
592
998
623
643
496
876
284
442
417
763
754
205
761
830
915
277
209
516
809
184
553
794
317
309
773
629
337
171
487
108
545
627
617
662
231
493
767
13
713
210
783
296
357
867
948
641
670
751
193
93
721
868
238
476
725
410
392
20
619
215
640
297
676
756
39
838
351
679
498
299
533
4
878
847
827
176
891
136
651
151
98
488
591
692
103
512
982
117
147
611
937
186
707
905
551
527
35
471
649