398
427
401
195
309
400
179
428
392
223
278
63
434
227
31
497
415
13
476
217
237
364
333
224
417
281
137
0
384
305
444
412
324
288
18
365
484
265
429
93
132
119
294
488
252
154
160
12
173
422
7
441
79
390
460
34
455
402
151
452
433
255
38
220
280
274
191
342
208
377
107
36
289
395
358
164
425
98
301
258
231
355
267
248
54
443
155
326
159
475
65
211
346
216
81
245
35
472
449
405
176
139
266
482
352
205
90
40
196
5
230
421
70
193
19
202
409
345
478
270
246
49
169
60
219
385
388
468
241
175
236
426
450
399
6
479
80
473
397
413
214
380
251
112
42
9
256
291
215
368
184
66
357
410
37
185
262
381
111
313
105
96
325
490
290
338
188
94
101
162
24
163
374
170
145
58
89
147
44
340
259
367
319
318
156
329
492
407
347
187
394
86
67
106
91
14
269
117
108
127
387
244
446
308
240
458
439
328
322
238
283
133
320
445
463
371
47
32
97
474
498
1
330
69
21
356
424
382
83
312
414
57
303
343
348
276
273
242
272
437
221
334
100
122
454
15
23
226
123
293
204
336
210
229
469
174
456
375
73
74
307
263
462
499
177
287
376
491
10
420
304
391
140
466
52
113
292
82
430
234
206
75
142
496
27
317
483
28
183
261
360
109
471
298
461
436
143
50
314
20
11
212
351
275
51
131
136
353
408
277
182
17
172
350
77
448
228
99
362
129
186
114
361
233
250
130
43
194
68
457
370
125
300
489
167
144
416
459
386
321
393
299
59
485
168
190
158
296
121
222
411
494
213
3
271
39
495
199
180
366
126
315
389
453
88
440
470
354
92
341
198
451
423
53
465
56
264
138
404
148
120
493
209
383
372
118
84
419
178
467
406
235
62
78
181
161
349
4
85
447
150
344
331
33
225
128
200
218
116
432
22
134
71
2
363
302
239
480
268
48
435
149
8
146
285
102
165
379
45
201
171
337
335
197
72
286
438
260
104
166
486
481
332
257
487
247
26
95
306
157
110
152
442
76
316
431
25
203
378
339
279
115
323
396
282
369
41
103
30
373
295
418
64
153
189
477
327
61
311
310
243
192
16
249
297
141
232
253
359
464
284
500
403
46
87
29
254
124
207
55