6946
1873
1126
5971
5907
3608
3308
8748
5821
7845
1672
1135
2927
2780
8343
499
3785
3703
5050
2631
9493
5303
9338
6425
4452
7210
5678
2808
5321
1394
2909
8697
5432
915
9650
1575
9052
5491
5286
5960
4919
5537
3264
6811
529
3089
1373
8178
5468
4046
3537
1438
4948
2694
1114
5328
6006
7746
1077
5924
8813
794
9760
2003
1142
2264
1115
8539
2509
4878
3959
6672
695
1346
3942
628
8570
4644
2831
5908
2411
2046
7278
4343
9096
4579
8114
9298
6223
9447
4390
3563
4687
6067
2515
2135
6661
6753
5568
3599
4409
1225
6390
9884
8608
1072
1840
5685
8189
7674
3245
215
994
1650
8036
4267
5004
7208
1175
653
6849
4215
4730
7483
3062
496
3327
489
1925
5859
5305
1599
3534
9597
8010
8100
9094
3674
8577
5034
7988
5684
9592
3041
4597
8810
2405
5396
2732
8479
3126
8131
2763
6285
5848
4446
4318
1181
5465
8350
2795
3502
849
901
3206
1871
423
5940
5931
7136
4591
8345
8463
6361
2059
1649
1781
8337
3734
2962
5267
9527
6969
5562
8232
6328
390
1770
4784
8116
8382
5561
5371
1712
5264
6852
2677
4924
3222
4035
3697
9886
646
3121
1936
2061
2400
2187
8062
4726
8839
2937
3715
6127
2912
5844
1966
9919
5767
7903
882
7693
6072
6604
6047
3946
7118
932
1676
132
5609
5210
8192
1430
2487
9223
7020
4971
241
3612
4673
9623
7436
4391
116
2107
1248
7521
6796
4680
6578
485
3144
293
940
8704
9784
8029
605
7015
4418
9065
9339
6785
7146
9926
3568
67
7812
7496
7611
7120
3861
2878
9815
687
8402
9281
3629
7839
8661
6278
6739
5818
8823
3668
6795
4227
9603
909
7537
5483
8470
3687
2358
9309
2995
8684
8351
4995
9500
6695
642
231
8044
4795
5643
4543
1446
2932
6040
6766
3901
1619
481
3897
7100
4744
4249
8060
6867
7773
4588
8013
8120
2113
6145
272
8782
1486
6515
6765
7741
9522
8589
8118
6295
7414
7173
9906
9056
9058
8291
9765
8932
1626
7105
4724
8033
9880
3639
6842
8657
7668
9574
5769
568
3830
5833
7899
6817
4467
9041
3274
6420
8467
8512
5827
2218
1556
1902
1654
6197
2716
7744
2229
2791
6986
930
4760
2362
7004
4088
5460
442
2481
7193
8077
6059
8789
1798
6286
5262
327
5662
9576
7344
2333
4091
9717
638
1080
8017
8215
9897
9775
2537
5253
6399
4018
4466
9292
2986
599
643
6233
8681
7098
8890
1326
3824
8246
1199
6355
4247
5364
7995
5923
1645
9790
4883
4826
5487
4833
5435
4356
2004
1744
4699
6891
9442
3470
9822
854
9259
1553
7369
1296
3710
5148
5499
757
6525
6456
8673
4423
3226
6138
6117
2654
7271
5102
4849
1195
2269
8613
8339
9589
9778
4352
8081
7765
2144
9534
1635
2103
6708
4438
2077
8288
5444
1749
8967
5258
3363
6847
9619
822
955
9701
1476
8682
2783
9018
7380
4472
650
2990
2088
4609
5296
2226
6308
5850
3251
4590
10000
5373
5350
7466
762
2029
3008
5519
7187
6845
4007
1685
8109
8269
5549
8404
9739
5765
1961
1219
9671
3015
9850
7875
7086
1033
9191
1009
317
1264
6890
4443
1772
3749
4620
6479
7033
2879
1097
3136
3641
9157
1530
1911
4907
3160
2754
2761
6548
8616
5324
3930
9578
7667
1523
6416
6810
4076
5016
251
7090
6597
4705
8360
4766
9352
8773
1670
4307
8099
8818
7027
7169
1224
7759
7180
7292
4021
7432
3021
362
1748
5991
3244
751
5875
7531
5409
7813
9061
7636
6558
6909
8557
7114
6583
3643
9696
577
3380
5832
6736
2543
3322
9063
2262
9662
6086
842
6698
3954
4014
7008
786
774
3147
9251
5325
7389
3651
4369
6524
4526
5063
2402
6531
8022
2826
5272
359
1885
3334
2301
2876
4610
1807
2401
9566
7420
2155
3022
6758
5044
5520
8896
2370
5186
6889
512
8622
1018
4337
5772
6643
1364
217
7308
2598
3559
6297
1702
2236
5969
6413
4427
5729
3816
9021
4178
6684
6846
1435
998
6705
426
1227
1590
2281
7337
1539
5531
1665
3564
6496
2355
3993
5512
6015
8646
7238
1415
5019
8282
2920
209
9034
121
1318
3031
7980
2473
3815
2821
5665
3804
7540
3907
5847
6924
9324
7710
1249
7045
731
2255
5475
3601
9155
8586
2173
3660
3368
9719
2288
796
5900
5323
8159
5929
6120
7512
555
2800
8777
3904
8019
8299
2517
500
6069
9687
8260
8074
937
6088
6406
7841
6111
3375
3086
3227
9998
7852
428
433
4867
7671
35
1515
7652
3951
295
3001
7882
8667
5644
8193
9198
8807
5604
2850
2690
173
3205
9106
990
8336
9247
5245
5012
4192
4147
2906
2907
3289
3565
9565
8535
4967
7235
9879
2657
9975
8941
4095
3952
9668
3287
490
4624
9704
1029
2212
1819
9099
5567
6373
7295
8128
6049
9456
1039
5830
3265
5800
1403
7907
965
6044
4957
8085
3476
8353
7433
4740
4800
5315
8153
6877
2621
4345
3336
1429
9705
8619
3077
3580
6680
3018
3811
3456
2846
8340
5398
9661
9504
3958
9012
597
2913
6898
7566
727
6759
2531
983
1130
6579
2469
5473
199
1449
9786
3347
7790
8888
4986
2528
2110
6547
283
9792
7522
3617
3759
9142
2081
405
8035
9355
2950
5069
2161
9138
5808
3311
1137
4424
4191
5577
8355
3100
9829
2199
3899
802
6356
1511
7562
6666
9202
8438
3465
5197
23
9575
2551
4102
3733
8757
8399
8119
4970
3987
5726
8989
1218
377
8104
7338
7622
3884
8850
2439
4839
9643
5957
4884
7804
8580
2730
2707
2324
5242
1816
681
2886
3527
2725
752
1673
1082
6158
9229
701
4136
2349
7629
2699
5756
7297
6428
3162
6678
7984
3793
2407
9819
1427
4931
4865
9733
1604
8440
6683
7697
4928
2676
4756
3006
8312
8509
8706
7444
9450
2926
5085
2608
3926
8772
8693
5942
213
9322
3652
4635
5302
1720
1667
9738
3999
4165
6799
1809
6039
5938
7633
7664
2454
6491
2974
4674
3787
5882
8746
3050
1882
9194
8227
5978
8499
1982
9038
2019
7716
7864
7560
1521
8831
4994
177
5735
886
7589
4725
3200
89
2837
7828
9381
3672
1452
5709
5422
5657
7244
2665
1053
7598
6147
4602
3389
8245
6153
6448
6779
6733
7291
6886
4857
6344
3286
5461
8755
3665
7355
5070
8157
4930
6790
6019
1315
5428
6596
4265
6594
541
4336
1108
6840
5233
778
8078
5881
4518
1570
631
4944
9258
4212
6654
8909
5607
1466
1808
7979
2811
533
8056
7934
3500
5952
9328
4669
1330
7912
6140
8112
4910
610
8618
2398
7374
1913
6255
6207
2396
3437
6893
5651
7809
9039
4562
1096
9336
9071
325
9983
3401
3052
8921
5974
7017
71
437
5775
452
386
9441
2376
2033
4313
2122
2438
8284
593
6013
5293
6004
8953
1679
4150
2988
4321
475
914
2809
2662
6837
2963
2222
4564
9489
3395
1342
6859
9548
1682
8177
7959
8802
553
6732
9494
6213
2698
7909
2488
5219
3695
6241
7052
1454
2412
7468
9128
4107
4237
3060
8944
3679
8229
7147
5872
7471
3581
6595
9314
6805
5544
8977
5828
9769
918
5980
9722
6677
8264
9101
9965
2470
7586
1999
6051
9766
1271
2305
1110
5497
7826
5312
7115
7878
3518
5616
5771
5122
2239
2023
6625
6760
3417
6802
7605
1747
7296
3074
2090
6994
1657
2671
4269
6322
2688
5395
9452
3134
4062
8676
5517
3149
6752
8715
1904
5436
9583
9862
5056
3979
8856
4927
9422
3338
7688
8759
5747
1898
6116
7457
6366
1021
174
4715
2951
8975
2415
9087
9316
5290
1897
9318
9849
3048
3716
7300
2624
7687
8565
2317
3400
3666
401
9467
3711
9475
4841
3419
144
7484
118
3195
5667
788
9503
8124
8263
8054
2519
90
2316
2894
4113
5689
290
1680
4138
910
2979
480
9075
2915
3420
3300
3719
6288
9632
364
3028
7152
1555
8671
9278
8507
432
1477
708
8027
2381
6801
5113
6038
1517
743
1935
4282
570
1883
6293
2213
7065
8501
3694
3156
236
8564
4358
1563
9923
4768
455
5481
5289
3107
6905
1153
7491
1489
9327
7953
1416
5144
894
7736
5060
7982
2805
7424
9550
8784
4900
3353
1448
1179
2918
2726
7231
4412
7393
8303
2243
9824
3966
7373
7949
2711
2712
632
2416
8167
6231
2856
6655
4976
6252
1272
1848
3894
3488
6488
7932
2810
8510
656
4326
6797
4054
5217
7591
5220
9149
5725
8071
2885
6078
2571
7361
5895
8275
7218
9933
6920
2973
9252
7889
9874
5418
3775
7532
8677
820
4546
4148
5700
2231
5423
6385
1444
360
3591
1662
1860
5550
6549
5861
2491
7515
6253
9233
2087
9532
6333
208
9955
1258
6181
4485
65
2861
5723
6600
5553
9289
2634
4241
7258
879
9563
1396
1926
5313
5184
96
4822
7647
8482
7395
9528
5612
6497
5163
8043
5653
3631
2723
4695
8973
6307
3588
1078
4435
4945
125
4268
1036
9398
8451
3526
6640
8158
6601
2798
5876
4845
9510
4876
1087
8270
865
6815
6178
7999
7604
2364
1765
1815
1719
309
7445
1463
3675
4612
7585
3972
4310
351
9482
8936
3941
9703
8718
8310
1983
9941
8334
9659
5620
6864
9502
6669
9984
1402
487
2408
9257
4956
8198
2352
81
7451
5222
443
9050
6010
1490
712
367
3130
139
5438
9720
986
8590
3365
3445
2939
9429
1425
9208
8795
6956
3080
8991
2338
9612
3118
6513
3109
292
130
5915
6648
6501
7227
296
6556
2717
8770
7165
9154
5932
5067
4034
4417
4736
5995
2512
6135
4425
2489
4722
1800
4045
7407
3281
5301
4099
1526
410
7602
1193
5688
4979
1292
5506
4164
8733
3819
4366
2286
1997
6315
3506
7399
5051
3248
4363
3885
9818
5390
5024
7162
3778
2561
1332
4445
8525
2490
5595
6470
1529
1071
6264
6175
2186
2228
8559
6487
1152
4385
6379
4583
227
1640
338
4992
6427
3288
8253
3879
4834
7324
8877
2314
8295
9350
4923
5925
4573
9390
7783
4050
6236
5357
1336
7477
7080
5820
4470
8876
9620
2601
6095
2344
1014
2373
7280
1299
1584
607
7377
5579
1630
4875
7423
2313
6671
7987
6365
6657
9645
3267
6323
2764
4799
3916
6238
8197
3047
3691
5926
8251
4309
4316
6955
9731
7900
3516
9789
6632
7975
6007
5558
7109
6988
8008
1360
3176
8137
2247
3557
7155
9986
9346
2458
975
465
7802
4959
1338
1971
9083
6985
6959
7626
4134
5741
3292
6174
1774
9296
7435
1540
2130
115
8410
4285
5053
3020
8342
7398
5786
7577
9468
3043
5136
5131
6433
3538
1451
4373
1566
6113
5121
1729
4603
6157
9401
770
9481
2116
1494
9267
1243
4866
8110
6530
5817
7976
3616
1569
596
702
9599
3877
1105
3241
7824
8016
2443
6788
1614
3122
7571
224
441
161
6215
8927
560
9823
3208
8228
6091
1669
3098
8543
5977
7156
8418
8448
9713
7992
5943
1577
8951
3898
2804
6522
8184
1948
1536
1505
8475
3933
4231
2456
9387
4430
88
6484
8992
9470
4972
9217
7550
8931
2583
9943
2482
9931
6227
3110
7111
9089
5851
5378
2736
9189
4932
1617
8179
1118
5124
3188
4055
5074
3055
3892
8844
6931
3931
606
7511
2250
1834
2440
7534
3519
6014
8136
2646
1706
3398
9244
9937
6928
4305
1820
6559
1767
9271
4821
2235
2713
717
3724
953
8349
3232
3870
5629
6603
4161
9167
4295
9961
2902
1220
9434
5177
9286
24
2386
508
3392
7229
2960
5598
4006
8416
4525
4253
6492
8318
3468
7837
699
5936
2941
2887
5101
7212
3521
6565
8612
746
4384
2359
6538
8536
1440
53
3957
7413
4625
9949
3862
3211
2768
6154
2908
4442
7810
246
7475
4493
7510
1558
6216
3340
3990
2390
9053
6786
2479
5556
2074
7801
6362
9402
2947
7035
6409
58
2319
961
9893
9777
4630
2038
7335
5849
7055
5815
4647
8637
2812
76
2653
9360
2241
3486
2841
3464
829
9570
5249
3212
7676
1579
7795
1928
2877
3279
5169
1048
9546
110
7536
3438
2337
5455
7993
719
8650
5814
3323
9686
4141
9405
2125
4576
4985
8413
299
9889
9237
3971
1250
5635
3817
1769
8058
4277
4993
6267
418
1374
172
2709
9837
6094
923
8485
8641
4067
4850
4258
8836
2970
6371
9682
4101
639
3463
7872
833
3784
2208
5636
8320
4073
4659
974
1001
6032
9453
3683
9260
5048
3576
3175
2577
3980
7898
7754
8107
2940
4720
4329
7440
7181
8277
9357
1017
8832
9031
7738
755
8007
5489
2273
7848
1088
7119
2806
9621
2518
1943
2203
586
6824
4554
5259
354
9895
4556
7888
2109
4566
7625
9514
6951
8840
1401
6030
9997
3070
3278
4980
5446
3723
6292
3740
6853
3462
6634
3872
5346
8966
7489
3431
9675
1000
3928
6221
5150
9688
883
3906
4489
8811
7787
6660
9867
6602
9814
7441
7727
7434
2954
8880
972
4105
1745
6532
8766
5858
3201
389
6457
7594
4002
2705
4162
7179
8042
2189
3034
137
1164
1177
3644
1568
861
9032
3909
6652
6133
2670
9910
4449
8791
5394
3547
5687
5337
8993
9301
3324
2828
1507
3472
3135
9464
4400
344
8827
6574
8723
31
4440
1978
6540
7978
5038
4933
875
6623
8142
815
5
996
6749
5358
8
3725
7096
9831
408
7680
4934
1681
2374
4206
1824
5835
3523
7794
6232
3329
2237
8338
5593
4060
3935
7259
5235
620
16
3177
5950
1761
615
9300
1787
7383
2436
5578
4717
4794
6860
2757
4968
1295
7711
9918
8655
4145
6866
7919
7068
9639
5369
1697
3647
5165
7762
2702
332
7281
8457
2557
274
6870
7608
5679
2555
3705
4406
968
3579
6756
9206
1551
3139
5707
2746
8815
657
7203
6516
5672
9670
7402
8217
718
1661
5431
6405
37
3795
3831
9839
984
5699
1383
8560
9580
7485
7128
2115
9891
5488
9530
3154
9363
5542
8057
3722
2822
7487
781
4773
8598
4286
5268
4899
2629
8971
6915
9118
4444
6318
7679
1746
1276
3309
4950
5836
6402
5748
9019
1469
3178
2251
2394
6819
6222
8563
3792
2265
7481
5587
8231
8829
6050
8691
4057
3085
9595
4246
630
2589
32
9478
4589
9602
5871
1876
4937
9751
4585
7174
1823
1627
6615
832
9414
7937
8168
1020
797
7920
2030
4805
8940
2864
4033
2168
677
3059
614
8537
2442
28
6029
3797
6511
623
4152
3860
5158
2816
14
4209
8982
1143
7926
6016
7621
1331
7986
3692
56
5596
4357
4781
8055
5803
2086
7694
5675
9761
4974
2560
4032
8391
8273
261
9406
7318
5200
582
5641
1278
319
7323
1309
6814
4351
889
897
8949
1337
1838
1194
2363
8858
926
899
7811
5759
1222
7677
6251
6388
8386
6582
6737
5168
5873
5768
8861
836
1752
6834
6712
6913
2748
7320
7013
6936
5478
9547
197
5661
3681
2554
220
3246
8454
1313
3650
5339
9068
6902
6987
1010
1344
9626
5912
3752
2335
7634
8156
4205
3348
9359
5640
1232
2322
5585
6619
1433
1216
1473
9232
3374
4846
6012
673
9499
1196
2068
9700
4053
3312
2290
7066
967
8643
4049
7948
9721
6668
2361
8409
2943
1349
8015
6543
1203
1572
5299
1628
8442
277
9642
8538
8265
6741
5462
3755
3
8556
5539
542
5834
4177
2667
7319
9165
583
4571
170
4862
8301
3266
7102
7132
1514
8435
867
3416
3372
2789
6943
1802
2476
2844
4174
9219
8175
5736
7648
8707
1369
1699
9474
7464
3393
2055
8747
8347
4524
8403
7857
7499
8249
1237
9164
7609
7167
721
7273
7359
1165
8585
2666
6892
813
5198
9752
5218
3133
8028
8006
4977
3335
6075
3499
2378
8739
5248
9448
4111
1632
4481
4939
3956
6887
6857
7360
8654
6940
1244
5458
4786
9577
7525
3181
5511
7264
2347
7493
7401
7284
6784
772
9277
2449
5557
3654
2150
6517
6386
153
6475
387
1395
5730
1226
5279
5622
3821
704
7439
8321
1102
3611
347
5000
9193
2206
6554
2993
3413
2048
4672
6048
9559
9095
3763
1814
5112
5763
6651
6960
7690
4952
916
5563
6270
400
6000
2967
6122
8422
3285
6352
316
3794
7123
2797
659
2775
3194
2025
404
9590
5244
6881
2017
7558
3497
1066
8549
6631
4275
9780
4764
8812
8524
2483
9013
6983
6259
4780
7840
9894
6105
1573
6781
6076
2159
5106
9371
6168
8545
1537
2611
8483
4450
3271
4575
3421
9859
1327
6910
7387
4911
7961
5115
1695
2840
9129
6636
2635
8146
9498
4124
3754
2195
9345
434
6226
8092
6305
4434
403
9981
3746
7316
6896
546
2013
4708
9638
9669
8869
4131
9221
6166
9802
5331
9288
2883
3549
9756
7755
7564
8587
3921
900
8934
6997
4553
8202
1548
4340
4471
5993
8547
7198
5041
6577
8871
5619
6418
4661
2650
6054
8038
4978
8917
6843
5232
7178
1994
6186
2392
3257
6514
1903
3767
3479
9851
2790
6212
9340
2397
3587
9727
4320
7404
2178
232
7220
3844
7279
641
5385
4252
9264
5715
4144
1363
9913
464
2756
7555
5099
1417
9425
3707
9899
5706
2357
1615
5711
4912
6422
9917
2365
1847
5026
8266
9754
8083
7375
3540
4622
1763
8414
5937
5666
8176
306
9611
5306
3003
4748
8370
1979
8065
7832
5450
7530
7490
1340
4478
8385
3236
847
3927
3152
2117
8075
5199
3270
2813
4823
1600
8051
3827
540
9799
7946
9708
2036
135
1658
8115
7955
6613
19
537
1691
9821
6369
3628
9718
670
8597
7021
5214
9743
2296
7053
7750
807
9126
2111
4691
8073
9950
1070
4596
7010
9725
9182
3306
9999
5247
1459
566
7386
7108
9794
1762
8555
5071
9520
1478
8529
4601
5065
8976
1155
5181
5737
5416
3234
6693
7743
3835
2460
4
8097
4396
8378
156
4621
1200
8070
9443
6750
1886
4190
2102
1282
3369
3219
9634
522
738
5538
9964
7831
3690
8552
7616
8632
7886
502
927
6927
6726
6070
2961
5990
9564
7307
7884
1715
2643
6459
6155
7665
6404
8674
2606
6077
6001
6079
9781
9585
9486
8721
140
716
2567
1027
2200
5975
3542
4342
308
1938
3117
8225
8012
7391
6703
7712
8473
2134
6392
9132
278
3782
943
8781
5564
6317
6966
488
6450
1420
8753
3994
9973
8180
3602
3010
4706
9256
6276
7615
5742
2749
8436
255
6225
714
7093
4921
1580
6036
9636
1319
9367
7283
69
9204
9262
4902
2585
5412
7422
1259
6041
7543
5683
5238
9086
6833
1329
5981
5055
1012
1624
8902
9007
2839
3049
9699
5618
2012
2584
9629
9665
4431
2734
1930
1116
5240
3758
828
9856
9711
4198
9297
4448
181
6740
7429
5580
5164
7396
4271
5913
8853
8296
2060
3099
1055
2592
6724
881
5173
2341
6968
6768
1277
2545
5420
3845
6738
4280
8662
7929
8658
9526
9967
4965
3186
3165
2573
1283
95
5789
1962
3247
6340
2330
374
5208
8037
3115
6066
6858
3172
8274
5528
1173
6415
5480
5634
4084
2893
5477
4682
3396
3466
2278
9254
8738
4808
4272
185
2580
6716
8240
5054
99
8730
6026
7064
9174
6907
1280
9572
7599
8768
2185
9302
8411
8285
6148
6944
5234
9076
0
3770
9497
4362
6407
8567
1011
9307
9852
1828
5968
1324
2599
3230
6310
7581
3714
3799
8679
2697
6031
7850
8262
682
8067
2194
4783
6377
1334
987
8224
7686
1773
7777
7887
1291
851
4547
1950
5119
9788
2089
9060
6945
625
4494
6828
230
3678
4938
6299
3995
9710
1457
33
3030
5052
5864
7232
103
7183
6584
7240
4462
94
5413
6521
7714
9417
190
5878
7923
4929
1833
8717
1805
3128
5842
7673
2989
667
2266
7495
962
2274
1405
9477
4468
5615
8863
1461
1531
8419
302
3243
1185
5386
240
6003
8242
6350
7353
2461
5334
7943
6699
9914
448
3762
6903
8776
8187
3153
1656
4407
5485
4561
9963
7219
1609
2494
3857
1456
2448
8942
4727
2771
280
509
7846
5502
2507
8905
9090
7742
5637
1286
2628
545
2549
872
7000
6794
5304
2575
5183
2284
5965
5866
8464
7905
1877
9080
2825
7188
407
1785
6884
6008
855
4628
9795
491
4654
9869
9386
5888
8720
3544
4464
6520
931
8627
4199
1124
6163
7780
7529
8207
2769
8531
5902
9476
4890
7983
7205
787
776
3789
8460
7735
3520
447
4819
5935
3471
5914
936
1693
8828
4604
9868
6025
4570
7733
1520
2737
5162
18
5540
2295
3453
7329
7775
3391
4339
6639
399
6635
43
8009
4904
6106
3108
8093
1166
102
2351
6642
9835
1064
9507
4820
911
2663
2070
9081
2848
7061
8023
6981
9635
3014
6489
6280
8286
5743
3358
2669
9235
6042
5322
8575
2541
1704
2843
2910
1458
7092
5749
4399
9911
3238
561
2227
1240
4172
8304
5363
8607
5081
1437
5602
6298
9207
9284
6126
5713
8750
765
2069
8212
2451
5182
9407
8129
4254
6082
5862
2695
1257
6476
1899
683
8866
9508
569
5447
3210
6561
6449
1073
2987
2753
9097
1655
9750
334
5255
1207
4298
4395
2827
3072
4405
7099
5167
3876
7479
8745
3562
9798
8947
162
1827
435
9280
803
2984
7720
203
1731
4397
8978
8138
5909
9054
3319
7277
9480
8352
6820
5075
7901
515
6249
8741
370
7958
27
3481
4461
8792
4798
7815
9399
7969
1339
8806
2845
291
2223
2383
5535
2042
9549
2948
8086
1825
3174
7940
2121
7990
1741
8132
7492
8469
2114
1843
6616
322
3878
6965
2457
4521
7579
7505
9813
1853
5241
1370
7016
6803
7977
6731
8365
4216
396
2306
2743
5928
3774
1571
6914
6092
6621
3721
1684
350
4416
233
6201
527
3546
4704
5757
7214
4146
1049
8808
1870
7816
5868
1776
2356
1015
2176
5695
2083
9437
6665
77
4496
2727
8425
6585
7994
9353
8133
7793
7216
3771
7107
845
9225
4052
4376
3125
145
3235
2745
4984
7084
243
3203
1345
5188
5718
3220
1652
6483
6102
5677
9908
7627
383
228
1294
818
7682
6217
8642
5799
7655
7094
183
4679
6326
263
7091
2819
3325
519
7817
3669
2859
531
3299
9209
4104
7249
2380
1970
4005
3555
3410
7800
8872
1121
9959
9177
1266
2645
6282
2614
7042
6571
2953
790
8568
1354
9211
5870
7166
4302
1421
3698
9683
7036
7342
1552
7606
2170
6688
6486
2678
4739
4474
4402
3191
9228
9827
4779
2762
9117
792
1524
444
4441
5787
8584
2445
1436
4118
7545
1034
9461
4139
202
8816
7942
366
693
4040
2112
8903
3508
1750
7415
8796
5411
2803
7781
1844
4616
1892
7026
1139
1310
3532
9073
9972
5559
9420
2139
4394
5170
3224
2945
4523
1298
6477
1759
5546
1488
8550
3444
6989
6170
8569
1217
1136
3509
4059
2547
126
3091
1862
8670
6527
4130
4420
2272
3667
4123
188
737
9554
7222
9640
9836
728
7204
4964
9427
7785
3704
1919
9015
3475
7304
521
8522
5554
8933
2142
1956
8047
576
7408
4587
2777
4187
5414
980
8910
84
3566
1154
9159
1162
9694
7981
7371
25
4713
8424
6444
2279
2450
289
2785
2219
142
715
6656
9545
7103
6150
1796
2700
8380
2607
7904
777
320
5973
4732
7517
2151
2084
1113
5930
9952
1525
5449
3487
2153
5839
7426
6978
458
3801
3071
305
4367
7830
692
3209
763
2216
8395
549
9
8257
1638
4999
6152
4255
4733
7041
9922
4926
8090
6242
556
580
4742
6482
7403
9458
8358
9840
7873
1409
6162
4197
8517
3150
6568
2903
3812
3661
4196
8913
3983
1007
4522
8346
7470
5893
4370
2310
5203
3140
8562
1106
4133
5147
7421
9485
8970
8847
9744
6813
6610
3113
7149
526
6855
3303
5530
5998
4220
8736
4074
688
3164
7996
1434
8797
7306
1872
166
6673
6115
4349
2911
2233
8742
8516
3484
4486
7416
301
9369
3745
3727
9439
1713
5504
1512
9865
4535
9637
238
6674
8972
1270
8867
8961
6930
4230
6725
9426
2467
8082
6883
1131
1732
595
9136
4225
87
5600
7014
2782
1174
8546
6274
4382
4194
5586
5035
2975
9364
7050
8362
676
4584
7079
2120
3510
2759
658
7303
9303
1915
2098
7428
4858
8317
5797
4016
5896
1242
6287
6146
9762
4371
3922
8610
3240
590
4578
7430
4963
9681
9487
9046
4991
8625
4299
6421
3379
2309
2143
6187
4080
9907
5751
2000
7150
827
8068
938
6770
235
1221
6885
3788
4749
6865
4096
1335
8937
9082
1678
5649
9844
1145
8928
6034
4256
7945
1934
3856
8398
4012
5551
6381
3512
8498
4658
4882
8883
6380
2952
3613
8247
933
3622
525
8477
5831
3355
9330
6403
8329
6426
3040
9579
608
9567
2884
9936
4270
1947
5096
1954
7299
7425
505
8400
6309
6139
3545
4893
6261
368
6338
79
6027
6542
8879
2472
3493
2875
3932
4712
1127
9215
9432
2889
7406
9833
5146
9270
5631
3773
1352
2530
6401
1148
5911
2377
9077
7519
9657
4158
4415
3614
6952
4619
6493
6336
4767
5663
2441
4530
3273
7541
7666
9103
734
2271
8790
5758
8428
7322
5809
8702
4289
5453
7039
5066
4675
3829
7951
567
5227
7721
9306
5722
5134
9912
7784
2729
3744
7003
697
9774
6504
9652
7991
1129
8148
2211
8005
2009
3221
7122
4935
7246
7397
192
3256
9966
7340
1528
7012
1891
6055
5492
3873
7892
3882
7553
7182
4072
3170
9457
3640
9544
5614
4454
5734
7133
3495
6800
2588
2321
1350
82
8439
1916
6675
3026
771
5982
8923
9552
9057
3937
471
6265
7262
8649
6445
7392
9011
8690
1766
7076
3083
3780
3543
8688
1233
3814
4421
8160
8601
5118
3915
8155
9203
1005
2124
2
784
8063
2148
5961
3458
9915
3038
4765
4429
467
5739
1384
324
4403
538
2747
9805
4501
3948
4324
3259
6533
4128
2131
4180
7630
9188
5510
1288
472
4836
5910
8686
3730
282
2106
5361
1314
3081
8635
970
430
9234
8939
534
1045
5257
5076
1629
2521
7364
6435
8508
985
8034
8518
9960
5505
9801
9883
80
6586
1894
1550
4250
7698
7603
1447
4918
2171
8408
3582
920
1328
2905
3888
8779
1083
629
5454
2298
6268
8433
6452
4122
6321
2972
2399
7719
6980
4936
6874
1054
4260
6562
7129
5793
9630
745
7063
8974
5705
6167
7684
6
7237
7275
2339
1967
1993
2431
3360
766
6189
6349
5068
7761
4498
9787
7379
486
7367
371
157
2097
9560
1917
2640
6398
4830
1410
39
3066
7137
2508
5384
3088
8984
8998
964
5260
5801
9861
929
8004
571
3781
713
9881
7349
9326
8289
5349
7267
5495
1689
3684
7243
4735
686
5356
4303
265
8181
7104
9770
6682
6372
2379
9160
2505
8774
4684
3572
8636
3541
2921
1358
6191
6097
9728
3503
2999
388
5110
4542
5252
585
9354
4355
8396
1076
2032
108
3929
3709
946
3025
198
226
9977
8814
8957
2897
5855
5225
6192
3333
3699
5442
8571
3738
5406
6970
4066
1169
988
5802
4116
9064
8985
1522
5599
419
6541
9410
6206
3673
3859
3387
9139
2981
123
5670
5212
2922
6972
201
9147
4643
5762
8145
8544
517
152
7328
9107
3533
8726
6508
892
4886
2985
7245
8496
4696
2437
191
7357
2071
8431
4723
2191
5028
4514
4386
6375
8530
3359
864
1361
6045
5092
4377
331
700
8729
7827
4201
4988
4243
7060
6734
8988
1104
5606
9568
4479
7970
616
3558
2418
5140
5951
2108
6431
5812
834
6998
6114
3218
1123
7938
3397
6701
4200
5083
7071
912
1583
7196
2958
1472
3290
8504
1846
1090
8011
8938
5388
3603
6098
3331
2503
2858
4651
9622
83
8572
3701
1357
1924
3570
5589
7312
8925
5731
7221
1855
9222
6536
1779
7005
312
6131
8025
5033
5507
2895
1688
3198
2327
91
7339
6923
2104
730
2880
8669
4803
5513
111
1428
8656
4752
5209
2444
1884
7101
8785
2387
655
4593
2779
9516
6792
9397
7964
86
6563
5690
5997
1377
978
7011
3609
7351
2039
6882
2101
6068
976
3798
9553
8855
311
3726
9236
5728
9403
7077
7592
7745
6429
6096
1518
8390
1024
7618
4491
9606
9140
6057
5270
6776
273
9195
3743
2652
6159
7043
884
982
7718
8615
7567
7400
3425
9375
4025
8186
5987
1888
4346
5229
866
1728
7
7151
5954
8151
2644
7327
7723
6211
2832
2542
7032
159
9396
8834
1322
8307
6862
7138
1797
4331
9255
793
1006
2718
4393
453
8908
1559
1468
352
8675
6763
163
3761
6245
2044
6821
1128
2852
1052
9282
394
463
3934
9471
1698
2955
4512
3621
4495
5880
6961
896
3185
1499
8235
510
6438
1937
8210
1835
9347
2683
9741
960
2224
785
5791
2230
7660
7891
5721
1625
5469
51
7431
7989
4381
5405
4894
6973
4009
9768
4614
1057
2637
6190
8407
5892
3446
3975
3146
635
840
7620
2160
744
706
381
2627
7895
9266
6156
1859
503
6932
3263
3968
1574
8623
4873
6755
2969
6588
8363
3852
1951
4641
6628
9392
2336
2944
8581
3903
1792
1788
3262
1723
7486
476
2977
1100
4769
7330
2824
2318
6272
2079
1028
2942
5664
4844
1984
1190
7223
1633
1081
2193
9511
382
4188
7462
1887
8327
5548
7023
5994
9409
1362
7628
690
8315
6033
4686
5867
4068
3478
8716
6306
3615
2468
1019
7192
303
3461
3294
6713
662
6771
4410
2871
5204
2680
7820
1795
8699
671
2304
3590
966
3736
4599
8859
1030
4388
9250
8634
8026
9832
8384
1738
7224
906
5226
4142
6851
1784
9976
3823
7649
2270
6414
8243
393
7751
7963
6744
2982
7274
6472
3949
1739
2728
5897
2162
5049
7965
3376
5087
1613
5922
3386
660
9245
9598
5697
4797
4731
9246
7062
6244
5265
7847
917
30
7600
7924
3328
9400
7709
1724
4287
6825
340
8281
7405
1422
4734
9793
7082
4854
2655
5976
9274
6058
2020
9108
5891
3350
9942
6808
1502
5610
7708
4411
4347
7791
3024
548
6637
8486
2368
5093
1236
6835
462
9890
4163
2280
3268
5534
2034
4960
6028
6667
8633
7463
8311
9624
7642
8373
6502
3296
4549
1
6151
169
8216
5072
5572
1527
4353
4750
6327
891
7286
5624
3343
9714
7972
9033
4776
9332
8366
6200
2836
7072
564
8711
3163
4404
11
5157
2417
4640
1974
92
1946
7947
237
6976
3145
5514
8946
6950
4279
3434
7301
4414
5160
1498
4790
4629
6757
7289
1801
5246
1939
8287
6316
7918
5484
6581
9424
5005
2818
2591
592
417
5273
9370
6663
6281
392
6697
210
5594
6990
1008
821
3790
7702
4788
2863
6590
7448
3280
6529
7106
9678
8638
6436
6691
1209
5822
4325
5149
133
8892
5659
9130
4179
8048
4365
3620
310
1481
4962
436
3751
4879
9341
1620
1538
3269
4909
6118
1756
6046
7871
6900
6324
4941
4207
5810
3717
4426
1869
391
5773
5917
2007
36
8039
4655
846
3822
6290
2427
2360
9091
6539
4594
348
5476
1099
3657
4946
1281
8614
479
9812
4775
7215
9197
5777
4746
7194
9658
2385
3255
7883
9571
5979
4476
4545
8602
7704
8594
7085
4868
8521
6136
2792
4810
6499
379
3768
2056
9186
1786
2565
7834
4539
5630
9702
601
9940
7356
3447
6957
557
5776
8174
3452
5332
15
1737
5120
4787
8331
1320
275
5207
7047
5377
4375
5008
3383
9200
948
703
7737
4694
5904
9492
8962
7527
7966
7792
7582
4664
9962
1972
506
2311
2188
187
5216
9558
6061
3496
7241
5043
9971
8520
3810
6209
9413
8125
7520
8194
9820
3442
2914
963
2562
6958
2638
9205
7578
5673
9695
8441
1480
7454
1643
8997
1453
8171
5795
1793
3357
6060
4763
6205
1351
267
1392
6339
7818
7225
1441
6777
7142
9151
3473
4157
8141
9613
4419
5754
8298
7048
3712
2259
4159
4135
8553
5552
6904
349
4885
7613
9135
7154
941
8420
3013
3863
8822
6775
1060
6363
8754
9268
7906
1311
2447
6793
6124
8292
3605
9014
4737
5846
8359
4565
9315
7501
4176
6451
8453
1267
8294
200
3589
6894
3009
3044
2391
7370
7782
863
4469
1668
1707
4317
4359
7368
4973
8220
409
6626
9004
2005
2204
9358
584
2294
5086
9462
8526
3137
363
6974
8361
9848
7724
1992
9946
2158
612
7597
7722
3207
1597
2419
6762
1803
6417
345
8926
1777
3539
3536
3977
1387
5145
285
6335
6176
5471
7822
4567
6783
3760
773
5326
9049
9684
114
3304
2696
4387
7018
754
2276
4086
1542
6411
2860
4958
9017
2708
7073
1359
9501
6462
336
9847
7143
1582
9854
4137
2289
4031
5224
600
6977
7730
2523
2619
5575
2136
7617
3082
8108
8371
5205
5250
1727
7497
4903
8341
5392
8651
4154
2132
1717
8874
8838
3708
5329
484
9804
5658
7870
5608
6358
1484
8714
4160
9243
1914
17
5211
7449
412
5437
4004
4689
622
2968
2334
9148
5784
5254
6329
5745
4293
8760
4507
9857
4915
9641
5127
4828
2475
3843
9062
4940
4297
7973
8833
7639
8758
5400
6440
4008
2406
7747
2855
4261
5108
219
1641
6382
5187
1616
6439
6935
9226
3101
1854
158
2001
9845
4027
678
3377
7447
6173
7001
8793
8701
9569
6228
3067
2446
1878
8801
9594
8206
5486
9693
2073
838
8272
9180
1431
6353
5015
2558
5625
7326
4465
624
6608
4233
4361
7734
1365
588
2830
7251
2869
7184
395
6121
1302
3853
9745
6912
1016
539
160
7689
1969
9027
7507
8528
3489
9051
7692
8140
9676
735
6296
342
9875
7158
981
3189
4796
5632
4533
2590
6378
4039
1506
45
7956
466
3187
2788
6460
7348
5521
9707
3619
5300
4094
3670
5877
4880
2532
2215
651
648
9351
9444
2064
1721
8775
9866
7028
1890
4837
952
4432
5804
535
4782
4741
6301
7643
9944
3663
1300
3513
104
4110
2414
8248
8862
7478
3874
4586
2801
6826
5696
1184
870
1929
7410
7952
8185
8980
4327
4975
2965
2292
3685
9876
5365
8182
5256
6266
8222
9591
6466
4552
2157
1611
8205
8798
3469
8845
1733
5206
6243
1909
2923
9084
3630
9864
7362
8778
8882
8049
4218
1836
9035
4234
4451
5916
1918
2384
1995
8325
4895
2949
1794
1646
8629
7635
3911
2534
4024
572
6963
2674
4323
7641
2604
7607
6182
1509
9098
1889
2331
6567
44
252
7157
7350
3633
4262
8069
5429
4240
9664
7705
1289
9916
9329
6430
2692
9870
9618
3976
4863
2956
1866
5719
7419
3448
6331
2548
8820
5367
9757
1591
6443
8653
7675
304
7310
6229
6218
3656
6807
2267
7081
2210
6177
307
9134
5496
3969
4772
9648
2514
6872
3593
7331
333
8889
8165
4483
6056
7842
602
5676
4459
7524
477
6942
1038
5532
7261
5261
1880
5642
3302
609
8111
587
6557
4519
8695
1212
439
5750
3023
2569
7574
5353
3627
85
495
5927
8604
3550
2196
3507
2829
6922
61
5440
9948
1561
2051
4888
2248
3766
4537
2890
3889
2315
207
9673
5555
7829
1043
7254
7336
5376
654
8887
8046
5213
3984
3029
1163
175
799
3326
4520
4812
8611
9113
1235
6400
7749
9582
705
4920
9313
811
9968
1586
8456
9249
1467
7217
9173
6612
3039
5139
3390
2452
3515
9342
7941
6774
1247
6638
6984
2784
4943
5856
1443
6512
1208
2424
5790
6169
2872
2703
6478
5185
4266
958
9900
3658
3850
8191
5433
8101
8852
7378
8551
5424
5774
5125
3366
8348
565
9248
7910
1262
6722
5307
1411
287
4646
1460
6423
9166
7921
214
1596
8783
4555
7461
5671
164
3938
9042
5692
149
3943
1040
6360
4043
239
4710
6587
956
2928
4777
1987
4064
2156
1412
49
6863
4143
9871
2096
9692
6717
7288
1964
2823
860
7877
843
9337
1868
1701
3779
294
9078
3275
9556
5860
7656
4208
8857
8904
7646
7189
2546
1475
4650
6300
4747
4548
6611
3095
284
3423
971
8786
7569
7130
6463
2024
9816
9212
194
6742
1508
2283
8344
2767
9660
9227
6341
7006
5129
7713
530
244
504
4211
7748
8963
7031
817
2486
2570
4236
2714
1549
5816
9023
9311
877
8920
4173
1026
523
3112
5782
9184
1091
6831
1414
1134
4592
5097
5057
2794
7412
7862
3430
8480
3314
6879
3450
3131
782
4532
7631
1161
346
9667
223
5079
6500
9040
4949
2119
7168
3202
844
3832
4422
1952
2739
1419
524
7764
7025
740
2610
3373
949
4214
3320
3803
9672
2421
8326
5340
8421
9043
852
2435
1940
7997
2320
9319
7885
7276
3900
7659
7298
5516
7002
3991
1864
4156
1955
1085
7226
7576
7213
8515
7022
4877
8098
8912
8088
4044
59
5223
2888
4311
5084
8427
8172
5515
6188
1119
4213
1927
3682
8914
6787
6929
3805
2242
151
204
7311
7763
3351
1213
871
4047
9811
4408
5456
8195
3225
5592
6681
4294
6830
8846
904
848
3084
3836
1708
2664
6397
5095
6005
8052
6518
7700
826
8474
853
1223
9666
7638
234
2966
9749
4457
4626
1714
1074
6071
6250
3880
3105
2661
3936
4762
723
989
3042
8897
1159
6773
9617
2477
2992
2901
5617
6926
2085
249
9436
9737
4515
2254
4897
6875
1138
2268
4864
4721
1965
8064
4516
3869
1906
6939
9261
3742
5581
7455
5601
5753
6110
4572
9853
9993
3858
250
9838
461
9093
6230
1810
7681
3093
8924
3367
7163
6257
7256
9069
48
13
8780
4330
5783
558
2346
2249
3524
9183
1912
6937
2287
758
9361
7253
8324
3124
5536
3415
5681
5263
8434
6291
5796
819
9394
7287
9767
6718
8600
2623
9771
5283
649
4925
2552
1263
5898
9982
6469
5999
8173
7752
5714
1424
4792
2395
8981
8609
2820
3848
6848
6509
6822
1379
8735
2615
5633
1896
4488
2422
5523
7548
5588
7097
7814
8886
98
6861
5126
8540
5652
2622
928
2045
7821
2738
4097
5533
3405
501
1988
253
8689
4456
6099
3321
9934
905
4666
2529
7332
8481
398
9627
3433
1705
619
141
993
9531
7476
3388
4825
1941
5042
5280
647
5401
9293
7699
4149
8683
4167
9025
7968
8280
7503
9210
1710
3011
2354
5611
732
8333
1348
8376
9115
7931
5443
6772
6246
8685
9010
3939
1462
9299
6694
7358
8196
3895
7385
9969
3490
1301
415
8621
2008
1483
5335
4581
4132
9070
8513
5660
4036
4645
5344
3997
2733
8020
6925
3339
1275
1406
4982
8256
1692
7774
6644
6899
7075
449
7088
196
2413
5374
5770
8787
6580
4639
1455
3891
6962
2217
3427
4322
6975
7186
9317
2891
8734
991
2870
9730
5669
9168
1056
7518
7584
1826
6627
3129
661
2253
7610
6313
7438
8743
2095
9709
5933
7269
440
5650
8150
6979
3973
6868
7452
7488
6446
581
7139
8898
3944
6424
805
7112
1325
1811
1382
2526
2026
5603
5525
4951
4531
9283
492
8053
3233
3902
168
6948
7409
5626
3896
4838
7587
5986
7504
9631
7067
7546
7849
9817
3573
1606
8578
6101
9956
5691
6011
9860
5959
6258
9496
6125
726
3295
4653
131
3604
3890
6880
3455
2720
4338
1751
1895
7874
8190
9954
9036
2256
1799
4942
9593
1341
4536
857
6702
1214
8848
6555
6384
2474
4702
2147
5153
724
1510
1837
9654
7388
9356
6109
9808
2471
3337
5949
5277
3057
6993
8514
150
8647
9240
3443
3183
1041
3361
8394
5294
7595
2307
4718
1534
7922
837
954
4103
559
3955
221
5021
8204
3531
8319
9928
6806
4856
1287
1541
873
5451
6263
9153
2559
3474
9472
9428
7911
3114
6009
3127
3671
1284
9806
4264
7894
4751
8895
6119
3825
6319
6107
9888
1191
5027
3399
2094
3965
6730
1205
8300
5231
5338
9120
8959
1241
4114
5894
5543
1418
4251
6087
3103
9929
6053
3441
6938
3834
9764
5569
5393
2994
8870
1050
7460
1144
3217
254
7696
4638
6018
1605
8163
5310
1413
563
5135
887
3239
9116
3646
7195
3881
1822
4831
2343
7799
1908
945
9519
286
9016
1621
70
8377
9009
1764
136
7779
9992
7835
9773
4306
8631
7197
552
212
691
2609
4852
3439
74
5501
7482
4276
8900
6103
5693
180
2596
3394
7760
696
1957
1198
5464
1485
6202
4843
470
5352
6172
2881
7838
8767
7756
9697
2744
1333
4804
6949
5918
8710
6254
890
995
8620
5570
2141
2929
2535
1482
9158
4071
6240
4528
4711
1603
1098
8751
835
3626
7670
6224
7869
2574
2980
5195
6334
6194
2930
4082
8050
9846
1901
2367
4791
4083
1851
1252
8201
2240
711
12
856
7573
7250
6112
1513
2766
8965
9604
6662
5017
644
2389
8393
1306
8548
2340
3970
3813
1610
9947
6570
6020
7456
3953
8692
6748
8943
9689
106
2773
8040
5983
3272
6302
4242
8541
800
2172
627
63
4983
3242
8945
5114
9842
9698
5716
4580
4688
3607
1910
3345
1501
260
6505
1047
1069
3237
2462
6510
2478
8573
9312
8218
5278
22
4606
9807
117
1813
34
4871
6165
4170
3577
8800
2781
666
1686
2842
3828
791
9746
7568
3143
5852
4505
2493
8591
2931
2328
6442
323
2681
7805
8476
1740
4460
7083
7954
4439
3197
2065
211
4692
4513
5985
2847
7974
8003
3689
7376
5061
1400
4906
2066
3847
10
9152
3378
5189
7731
329
9366
3498
9538
9951
3485
498
6572
2892
5755
2234
720
8821
5380
2896
1230
2049
4848
2425
3253
919
5105
7467
6275
3662
2291
5030
4389
2275
3696
1025
2018
2190
4508
326
1690
2499
20
5103
6646
4228
6374
2433
3920
9779
2578
9609
8727
6897
5080
1375
154
1975
8819
3190
4063
6247
9415
6719
2686
5958
5613
1789
5680
4534
2898
4098
3305
9460
4990
68
6495
1594
3638
5576
6465
4901
2938
6552
8164
698
6073
2052
3428
898
4290
1426
1204
4332
5638
5141
7662
1279
729
8259
6214
8492
4364
3838
2691
6464
2605
8437
8241
1730
5727
8532
637
3033
7110
520
7575
8599
1388
9388
184
5100
591
1564
9690
9343
7199
4801
5493
3837
2814
8849
8680
8468
1768
7717
3213
3535
8279
4379
6346
7657
9088
573
1921
4881
288
935
4038
3718
6560
8405
8309
5474
3000
1255
598
2072
3182
9706
179
1989
3096
5434
618
7858
1107
4966
8374
7798
4853
2946
5482
3985
4328
8503
47
8830
5037
5467
2428
9421
2350
7757
3293
4633
3223
2140
4374
9376
3045
8769
8387
2765
2277
6485
903
9150
4436
7944
4997
5058
454
1790
1986
9987
353
2659
2163
9740
7480
9927
1849
7009
8986
2639
4729
4383
8169
9272
7228
1977
1260
1432
1651
6065
2983
9674
950
4500
2933
4125
1245
544
5752
7740
3645
8130
3998
2420
4455
7263
6303
6711
216
532
8268
2957
9145
8809
7653
5785
9374
3883
516
4350
3913
9287
3866
2527
4335
9596
1261
979
5176
8356
8214
806
9199
934
9980
518
3729
4693
2167
9882
9782
7498
4015
6528
4665
7732
8825
2710
6256
3412
2426
7366
1095
4569
9006
947
3702
5448
9491
9920
8127
1722
2021
6804
3157
4129
473
3307
9509
7494
1716
8170
4955
5526
138
7551
7936
2660
7866
3196
9418
9465
959
4081
3839
7206
7778
6873
6394
4509
1380
6641
1304
300
2540
313
7930
4093
1246
3554
1495
8443
2862
6754
9610
5565
1003
6832
5646
2050
372
5518
4605
8461
4092
9978
256
7472
9647
5823
5889
7867
9685
2175
1874
167
3426
7523
9127
2934
3757
8644
2498
6195
6104
1062
9187
1366
6707
1479
547
1608
6526
4169
1092
397
8406
6591
5399
7796
1985
8956
9924
9121
2053
6370
7614
1945
2058
6171
2492
1683
574
5813
8126
6364
749
5824
6408
7049
5764
4510
1560
6248
9726
6347
816
5903
1323
2207
8032
8851
3073
1857
2409
5309
5457
1818
9026
7917
4030
2371
4433
4817
8297
8576
8648
6063
5956
411
8452
1316
4860
7164
129
1265
4273
4667
5348
3855
5116
750
5333
2817
9105
4037
5138
7044
8542
8423
1186
664
9979
5466
9178
4463
5292
2342
3409
6074
9796
4668
9162
6080
3087
5901
1051
42
6553
6277
825
9146
6262
8915
2067
60
8964
9601
1830
5029
5597
4636
9416
8488
7881
3940
1378
3407
2693
146
9887
119
8014
5886
6035
9748
5098
7833
679
4709
6137
6351
6593
2166
2455
1595
5710
6689
2917
8919
124
9540
9253
7797
4676
9185
9275
8534
4559
7315
862
6809
5879
4758
4502
8698
1058
7563
8983
9518
4761
1035
3032
6816
4003
6576
6933
2027
2868
1176
7465
4617
3284
7644
4189
7715
575
9179
1273
9072
9368
5992
2091
7753
5088
3996
9488
7007
5500
7769
9561
6289
8271
3618
9092
3783
4497
4618
107
2463
4245
5010
3494
4681
4026
281
6630
4075
9484
1734
1117
6664
7265
869
944
7513
8203
8640
2996
4284
5874
3179
675
5445
8660
2285
5686
8432
8558
7113
5314
8788
7418
6471
225
3119
1065
4248
760
665
3451
4106
5202
6357
7294
3964
7927
2022
2636
3317
7971
4058
7695
1618
2459
1782
3664
6534
218
206
9712
2028
1407
9459
7865
6123
3180
8491
6367
9506
5760
2202
9957
1742
4745
7533
9001
3104
759
973
9104
4914
7346
6546
375
4703
8740
6895
9291
3867
6569
1290
9066
5744
7539
3595
6458
9169
3553
2510
3313
9533
1061
8066
4827
357
6083
5007
9939
1389
8091
8478
7089
5701
2516
9810
3004
3344
3945
4506
3148
9067
7725
2579
1812
3199
6343
2685
8162
6219
3167
4204
6982
425
5441
120
5811
4671
2900
4304
4109
9490
880
6727
9734
6649
52
1171
6389
507
1386
1968
7836
4183
9412
9716
1492
1831
1172
7459
4219
1931
4348
3483
5645
7230
186
1182
1612
7807
2184
4372
8446
248
709
1980
5013
6764
8200
7933
8824
4707
1399
1202
764
1125
2388
3676
1653
5582
3522
7172
7161
2293
4184
9791
5863
3514
9377
2758
2793
2201
6812
6609
9055
1013
1068
3925
8134
3092
9171
2464
3111
5508
2658
6132
1500
5133
1084
8417
4011
341
2057
1905
8328
384
4437
3833
8364
7148
6947
6767
5843
4181
669
6128
5967
3403
427
178
888
4100
4119
4778
8875
1758
9878
2257
8771
3796
3046
1075
5230
9898
2082
9587
768
551
6141
1187
264
895
3649
2772
3310
6995
5946
438
7935
8990
3919
6283
2016
780
2496
4210
5379
2641
2513
7202
5142
7593
1907
7661
8255
9903
5682
72
6134
3079
7248
4022
4087
6271
1660
3069
1644
8987
5107
9411
9825
3923
5527
8079
8332
3875
6714
5639
5655
5311
6743
5779
456
3002
356
7669
8645
5547
2679
1398
5509
4048
6348
1239
8561
9483
2423
2625
7394
5402
4333
9230
4368
355
4613
2742
8234
1841
26
9904
7685
271
7509
9974
1343
9102
3132
5494
1783
5161
9022
5841
5011
4981
4447
6721
5780
9985
5137
812
9644
2741
5798
6269
1842
4660
7070
3106
1622
2063
9030
4232
4195
3138
9536
4908
7758
9213
4728
4859
2047
626
1976
2245
5921
6850
9044
668
3765
5566
7233
9454
3171
2258
1042
7144
6204
1086
112
2495
7854
8354
7209
9241
756
3841
1004
6387
242
7726
9935
2198
7506
7126
6818
2353
3585
1067
5826
3161
6692
2722
269
2672
5964
8500
7242
885
9828
5022
5006
4809
8605
7125
2220
1132
8606
8761
6575
373
7140
9391
3624
8031
8708
3739
5143
2177
7305
2642
6598
7786
9137
804
3529
4898
9759
8379
314
4574
8252
4029
9834
2648
9438
5407
795
4814
376
8592
6710
672
414
5152
2594
2874
4193
9333
1079
8763
7788
416
6629
5962
6064
611
6592
55
5082
8330
7170
6279
1390
2182
2964
9002
9513
1094
4155
3842
4503
1867
9783
4000
3561
5282
689
9877
1602
431
8237
3318
4913
5694
9763
1044
3800
6869
3192
7552
8412
809
3677
8244
369
1503
8935
4701
4652
8595
4755
3974
5419
6081
3992
2553
8712
3283
7290
9393
3637
7876
1663
550
2566
4743
6208
7343
9555
5341
2787
176
8804
6566
4115
7803
457
4989
2500
6024
9584
4648
7247
5308
6780
6964
5025
6715
2649
6618
109
7381
8335
1439
7200
4905
7556
4870
634
1725
4257
8995
3820
6196
1771
5316
3791
7957
9408
7057
3905
9902
951
148
2616
5317
7890
6953
2429
429
6537
1111
2232
9214
7913
1743
5276
2263
3076
2701
4061
7442
9176
8293
2997
6002
4759
7175
2225
2849
3511
8999
8705
5963
4842
4785
6706
1726
4283
5837
2145
9543
1101
3505
2332
1806
6314
2724
9581
9125
7390
6633
8388
2853
7051
1353
3078
9753
9758
8574
536
3569
3249
7916
8166
5040
7458
6686
5819
9680
7341
9304
4112
5972
3728
2731
5738
1269
5702
5391
6778
8725
4401
2959
7260
3560
7074
769
8628
4480
6432
4637
9989
9586
5130
5201
7893
1639
1160
8724
5459
3460
3737
922
4077
8209
6999
6284
6506
4504
7767
9988
1942
5397
9872
604
6332
9321
4700
5002
3090
5656
4719
1861
474
2656
9109
8369
4153
9024
6359
3382
710
4600
8392
6143
1493
8258
5382
2504
1593
1385
8105
2010
741
2971
7285
127
5724
8891
2770
2093
808
5091
8722
1180
5383
913
1578
9028
2011
3597
7191
4126
6658
9000
2432
9529
5778
328
9524
3477
9608
7171
1464
4891
7678
4634
6589
8762
2434
9863
969
9163
1963
722
5788
2833
3142
2536
5934
3571
2866
8233
268
9294
4300
1423
1554
2308
3574
1932
7776
5343
451
3159
3600
1754
1960
7528
134
830
6062
5171
8123
4811
1700
908
8864
5036
9059
1347
9110
7601
5845
3981
8445
5196
6941
5154
3583
5159
4840
7855
9542
8219
4656
8666
3346
2617
6746
4017
7117
6084
205
9133
5703
6193
4607
9285
7201
6396
380
9512
6108
1829
9994
9772
5156
3341
1709
3556
6320
4428
3422
7701
4690
4477
4475
6723
3354
9663
5948
3406
5621
7526
6043
8076
9045
1404
779
2149
5236
7124
9446
7544
2525
7880
9175
4544
3254
8018
7729
7856
4615
3408
8495
9008
2550
8429
5732
8878
839
8188
113
1856
2244
493
8059
6395
8161
8566
6503
1093
1519
100
1953
1589
2105
8668
7352
1753
1675
9323
6700
1002
4492
7516
2100
8732
3865
6345
5430
7547
5320
2302
9325
2587
6827
1637
2835
4221
9263
5291
8930
2080
859
2618
6720
9431
3947
2430
2465
5905
5698
5274
5953
195
7580
3871
1545
2375
7825
9308
4829
7054
4558
8372
1674
6184
3019
9161
8868
1557
3632
5366
4217
41
2936
2078
4892
562
8860
1585
8918
9423
9335
6747
459
8121
8873
3680
8030
6434
1735
5522
9005
1140
9131
9112
2633
8213
5284
999
5541
97
9826
7925
1297
4392
9380
5884
8841
1391
9736
3467
7234
1736
9239
9633
6967
3748
2297
298
2299
8455
3769
3777
5387
6473
3068
6954
1367
8583
5104
2040
2076
3978
6841
5545
7450
5354
2062
6037
3809
193
3364
8221
8603
2497
4896
6468
7437
9123
7772
8994
1852
3655
9724
6410
3950
7363
7962
266
1256
6622
5372
8672
4185
7313
5417
3017
9220
957
7153
5330
7087
3094
5228
9505
6687
1881
9656
3051
7314
8458
6089
5807
9216
684
8462
4835
4089
5128
9729
4398
9885
4166
245
2165
7141
4121
4824
5674
4078
3276
1372
1103
1865
739
8968
5175
9047
8765
6183
6437
8854
6606
1254
3598
258
9074
5123
2899
2586
7559
8449
876
8554
4051
4238
6391
4961
7019
6685
5425
5712
4774
1133
8466
9334
4577
1192
6919
2312
4484
5023
4627
4314
3517
868
9430
2719
3732
858
7879
4010
5172
2684
3371
5853
1188
589
907
8143
4482
9614
5704
4806
9646
680
3548
9653
1875
8794
1958
3056
2183
8639
6237
2935
4998
4922
4582
7095
8817
3731
7651
9320
6210
5192
4168
4223
1647
3012
4832
9677
7623
2128
4861
62
4560
3686
9479
8302
3917
8700
9331
7252
5490
9119
5781
4685
6614
6844
5885
8238
1397
5421
64
5345
1565
21
1636
4813
406
7372
9932
446
1189
257
8389
617
8135
5090
101
8147
7059
9172
594
7808
7453
6180
6325
1532
6854
9573
5281
6911
6022
7056
2152
992
171
3551
9605
7382
5287
2576
7950
7572
3528
9905
1780
3623
2524
874
1312
6535
38
1442
7908
9156
6342
5375
8254
3625
4175
8842
2630
4663
5906
652
7347
2410
9037
5899
4662
5001
8415
2612
6921
6823
7354
1112
2329
3584
3184
5297
939
1022
8401
5439
633
4642
2925
5939
7554
7040
9537
7131
7863
8744
2834
5094
7502
753
4203
5020
9003
9515
1023
1703
2865
3054
8149
8001
3058
2626
78
7474
2485
6934
707
2180
8511
1201
3912
5327
5266
9196
1949
4527
6454
3764
1546
9295
1623
2154
3204
8737
7596
1845
7897
9607
2600
5179
6498
46
2568
2129
8835
7317
2246
8588
5336
7272
4487
8805
7121
2137
4807
878
6480
5996
5966
6273
7127
2978
8375
8223
6481
8497
8489
3075
4595
5654
663
270
3914
8199
2919
5571
3362
7078
5955
1666
7861
6235
1504
5792
831
1450
1535
4222
9344
3713
297
4312
1587
7508
9349
5605
1032
5720
4458
7683
554
4380
7844
8000
2031
9747
2867
5062
3720
6735
2260
3229
5404
9383
4344
9723
2146
8593
8703
1063
7557
9776
921
5829
3908
3214
4947
3688
685
5318
8095
4855
2991
1694
4815
2706
8803
4874
6992
3864
8094
747
3120
3418
4632
4511
9921
674
7561
7703
8367
7843
3169
2857
4969
6090
748
7650
8948
4677
9735
315
5426
7654
3016
7588
7896
3370
3424
6647
1516
1183
5574
3642
4259
7160
6769
9192
3659
8884
1687
7185
9181
3596
8752
761
5368
7177
2715
511
4557
7538
8471
8955
8502
4714
8211
5733
9800
8922
3155
4319
3501
6383
9384
8665
3851
5190
7583
8885
9953
2123
742
450
1588
3414
8087
3826
8663
2345
6645
5275
9469
2035
2453
7565
5628
6312
6544
4847
2303
6791
2205
3435
6441
2740
3648
7046
1149
2799
4140
8626
9651
483
2593
8450
3963
4698
3384
7333
5887
6368
6021
8080
9269
5470
3258
2563
1471
2597
5251
8493
1234
3635
3449
8239
4226
3567
7473
8061
4953
2403
2838
482
9451
5865
4917
5920
5359
8122
75
7134
3215
2613
5389
8664
8799
1696
8652
4023
2538
1037
528
1598
8916
358
5031
2366
7443
4623
4716
1293
8523
335
9562
8579
578
5408
3316
5194
3586
8106
468
9797
2582
5342
6704
2796
3173
2682
3961
3552
8465
5989
9588
1059
3868
4413
7207
2466
4987
5944
1285
9755
3102
1850
3429
5166
8894
9273
1863
3158
814
4490
5047
7619
8505
4550
4301
6624
9144
2520
7707
2620
4090
1210
2564
9190
7282
6179
1562
1990
6996
2043
7549
3116
8893
1544
3741
2854
8911
8484
2179
7270
1368
4108
4540
3606
222
6519
2214
9649
5295
6017
6490
3381
66
9440
4056
8749
6523
1046
4235
3849
9523
54
6260
5362
9600
3065
3594
1470
413
5988
1238
5794
8617
9991
6203
4697
9378
3342
3141
4291
5452
8290
8709
3776
4263
5155
189
2480
1778
1150
3986
9310
8713
5271
5583
8843
4887
6376
5215
9395
1757
8731
4117
2998
155
9111
1231
3440
5883
9742
2300
3291
5463
8494
7345
3168
1832
1804
4670
330
9535
1933
4334
3747
9141
1923
1308
5503
8041
3252
4851
3480
1760
5740
5046
1601
7030
5355
4499
3063
4065
9048
1496
4657
8183
5648
6144
8756
2252
725
2687
5840
7902
3231
9362
1321
7038
2002
424
8267
2873
4229
3578
9517
1228
7789
7859
8154
5472
3525
5717
8527
6164
339
7293
4171
1487
8323
105
7446
9616
3352
3315
6650
8472
1355
9830
4186
4889
7257
694
8519
2721
8826
1711
6839
2904
4085
8314
5838
9525
3250
2689
2382
8226
8764
8459
6761
2760
2169
2192
6455
9539
997
3482
5941
640
9909
8313
2581
5298
6836
3846
9290
1170
421
4649
6871
402
2126
3053
3036
1274
5427
1567
2675
9655
6447
8208
6239
1356
6142
8261
1664
2014
259
1307
365
1959
8250
6745
514
8139
6918
7928
5180
3504
6991
6311
8958
2181
5089
6550
5009
2511
1718
9615
1839
9372
5285
1371
1900
2544
7309
7427
3802
5627
9079
5970
2015
5221
6971
6607
2774
2533
7658
9305
8865
3459
8045
7417
5529
8630
7728
4013
2752
789
3005
6474
318
5766
5269
9521
422
6354
4678
4611
4315
2323
9990
6876
2668
361
8305
645
9938
6782
6620
7967
4041
9463
4202
9276
9382
4127
6085
9841
6709
1089
9995
9020
5191
7691
775
3967
1497
8582
3356
6659
7365
7302
5032
2164
7255
5591
5193
7535
1158
1109
7190
1445
3035
7770
6393
6696
6838
7612
3151
6564
5045
9419
9365
3064
4771
9265
4996
420
6100
5239
385
7268
9843
977
5761
2006
3753
7806
6679
4683
9785
3735
2572
3228
40
7632
57
2174
9628
8996
1991
4151
3918
3806
4120
3988
8960
767
7058
5132
736
1268
4770
942
3491
4916
4288
9958
3492
3910
9557
6130
810
1817
2092
7853
5014
5479
6149
9930
543
6234
1211
3166
9085
5111
4818
1141
182
1944
9373
5319
3886
7469
3007
2750
4360
6419
6573
1474
3989
7640
279
2282
9238
7960
8696
9691
3123
2484
2502
7542
7029
6412
2751
9679
3960
5746
3653
9732
4753
4541
4563
5415
3277
5945
7570
5178
9473
8969
9925
5805
2632
5109
5573
5623
9495
2041
4517
1998
3924
3893
4028
1533
2404
5117
2326
6220
2778
6467
6461
4182
321
5584
1671
6294
2118
2037
378
6023
6198
9625
1581
73
2916
5869
5018
7500
460
4754
9551
3404
276
7145
2976
2127
7069
9449
8283
5003
9901
8950
6829
8954
2261
6617
5919
6185
9892
4019
5857
4738
8719
2802
5151
7024
8490
1465
3636
2325
8113
823
4378
8278
4568
6129
3061
8230
2882
9100
6545
4529
8368
6304
621
4079
9803
8678
1408
3193
9809
7159
4274
8117
6653
4281
8728
4598
6605
6052
8426
1381
9715
3037
9435
9122
5064
4608
1151
478
613
6330
1393
3706
3756
4473
7819
1981
2851
4341
9945
8021
9996
337
5560
3330
8397
1303
7135
5647
3349
6798
9445
7211
1317
6917
8952
2786
4872
4538
6676
2776
7868
5498
1659
4954
7590
29
7663
1305
2815
3772
4816
2054
6690
3786
4802
5059
1648
9218
6337
4042
497
445
3634
3750
7384
5243
7768
4793
5890
7037
9379
7860
2372
147
8533
5984
3260
9896
8487
9170
8899
9858
4001
513
1253
4069
1677
1156
6728
9541
5708
2501
5370
9348
8024
1122
2735
2603
4869
7706
3261
6453
4239
4631
4070
3216
9242
1206
3402
4757
8306
9231
7939
9201
5347
2393
5403
8357
3887
2539
5381
7176
4244
5806
6789
2197
9279
7645
1634
494
8152
2595
7325
3840
7624
5073
8308
1821
50
122
8089
850
8929
3301
7116
2602
4296
1607
1755
6160
9385
7321
8881
6916
2238
2369
1547
5288
7334
7985
3808
4292
8383
1251
4278
6161
2755
3297
8084
3436
6856
3530
1791
1215
5825
7239
1879
1120
1229
1146
1576
6729
2221
8002
801
262
3282
4453
1157
1922
9143
9389
229
9855
2138
93
343
7236
7851
8096
1197
925
1147
2647
5077
6908
3807
6670
1893
5947
8979
7637
1167
2807
3854
7998
8103
579
2673
1178
4308
8444
603
9224
9466
5039
6906
1491
5351
8447
5590
5174
1642
8624
9455
3385
7514
6888
2556
8687
1168
9114
902
7771
6551
1973
7766
5237
8907
8506
469
8430
8316
9873
143
7034
8236
2348
2924
6878
8596
165
636
8906
6751
2506
6199
3332
1376
5410
3432
9433
4354
8144
5524
4789
7739
2522
7266
3575
8276
4020
128
3982
2099
1996
1631
9029
7915
2651
893
3700
1543
3610
8901
3027
2133
5854
4224
9124
1775
5668
3818
8837
6599
3592
1858
3962
3298
798
2075
2209
841
1920
1592
3457
8072
3097
2704
6507
924
8694
3411
5360
4551
6093
6494
8659
8322
6901
8102
3693
7672
7411
783
9404
7823
733
7914
8381
5078
247
3454
824
9970